fit_time,score_time,test_eer,train_eer,test_accuracy,train_accuracy,owner
5.073105812072754,0.00857853889465332,0.3333333333333333,1.8189894035458565e-12,0.6785714285714286,0.7936507936507936,872895
5.478971242904663,0.005775928497314453,0.24489795918367346,1.8189894035458565e-12,0.7976190476190477,0.8015873015873016,872895
5.854771375656128,0.005830526351928711,0.30232558139534893,1.8189894035458565e-12,0.7023809523809523,0.7936507936507936,872895
5.558487176895142,0.006059885025024414,0.4339622641509434,1.8189894035458565e-12,0.5833333333333334,0.7936507936507936,872895
5.74642014503479,0.005433797836303711,0.4000000000000054,1.8189894035458565e-12,0.6190476190476191,0.7936507936507936,872895
5.776851415634155,0.0058441162109375,0.3095238095238096,1.8189894035458565e-12,0.6904761904761905,0.8015873015873016,872895
5.8170716762542725,0.005887746810913086,0.5238095238095238,1.8189894035458565e-12,0.4642857142857143,0.7936507936507936,872895
5.785667896270752,0.005125999450683594,0.34782608695652173,1.8189894035458565e-12,0.6666666666666666,0.8015873015873016,872895
4.982640504837036,0.00566411018371582,0.5084745762711864,1.8189894035458565e-12,0.4880952380952381,0.8015873015873016,872895
4.995506048202515,0.006435394287109375,0.24,1.8189894035458565e-12,0.8095238095238095,0.7936507936507936,872895
4.911441802978516,0.008557319641113281,0.2352941176470588,1.8189894035458565e-12,0.8214285714285714,0.7936507936507936,872895
4.918367385864258,0.0069696903228759766,0.5081967213114754,1.8189894035458565e-12,0.4880952380952381,0.7936507936507936,872895
5.101234436035156,0.006975412368774414,0.3023255813953489,1.8189894035458565e-12,0.7023809523809523,0.7936507936507936,872895
4.941107988357544,0.005833625793457031,0.24,1.8189894035458565e-12,0.8095238095238095,0.8015873015873016,872895
4.954545497894287,0.005780696868896484,0.34782608695652173,1.8189894035458565e-12,0.6666666666666666,0.8015873015873016,872895
5.476315259933472,0.004758358001708984,0.27906976744186046,1.8189894035458565e-12,0.7261904761904762,0.8015873015873016,872895
5.699213027954102,0.004266977310180664,0.53125,1.8189894035458565e-12,0.4523809523809524,0.8015873015873016,872895
5.455470323562622,0.004667520523071289,0.4827586206896552,1.8189894035458565e-12,0.5238095238095238,0.7936507936507936,872895
5.529058456420898,0.004079103469848633,0.5238095238095238,1.8189894035458565e-12,0.4642857142857143,0.7936507936507936,872895
5.460441827774048,0.004873037338256836,0.2608695652173913,1.8189894035458565e-12,0.7619047619047619,0.7936507936507936,872895
5.378455638885498,0.0045337677001953125,0.4642857142857615,1.8189894035458565e-12,0.5357142857142857,0.7936507936507936,872895
5.538849592208862,0.004202604293823242,0.5161290322580645,1.8189894035458565e-12,0.47619047619047616,0.7936507936507936,872895
5.782841444015503,0.005689859390258789,0.4230769230769232,1.8189894035458565e-12,0.5952380952380952,0.8015873015873016,872895
5.19433069229126,0.006054878234863281,0.532258064516129,1.8189894035458565e-12,0.4523809523809524,0.8015873015873016,872895
5.547121524810791,0.005853891372680664,0.23076923076923075,1.8189894035458565e-12,0.8333333333333334,0.8015873015873016,872895
5.571003437042236,0.005182027816772461,0.5384615384615384,1.8189894035458565e-12,0.44047619047619047,0.8015873015873016,872895
5.299314260482788,0.005999088287353516,0.47368421052631743,1.8189894035458565e-12,0.5357142857142857,0.8015873015873016,872895
5.386429309844971,0.0058917999267578125,0.36170212765929993,1.8189894035458565e-12,0.6547619047619048,0.7936507936507936,872895
5.339858531951904,0.006384372711181641,0.27272727272727276,1.8189894035458565e-12,0.7380952380952381,0.7936507936507936,872895
5.086132764816284,0.009054183959960938,0.24444444444444446,1.8189894035458565e-12,0.7738095238095238,0.7936507936507936,501973
5.383386850357056,0.006214618682861328,0.5571428571428572,1.8189894035458565e-12,0.40476190476190477,0.8015873015873016,501973
5.804610967636108,0.00634002685546875,0.22916666666666669,1.8189894035458565e-12,0.8095238095238095,0.8015873015873016,501973
5.297478199005127,0.006427764892578125,0.4915254237285044,1.8189894035458565e-12,0.5119047619047619,0.8015873015873016,501973
5.657274007797241,0.005421876907348633,0.515625,1.8189894035458565e-12,0.47619047619047616,0.7936507936507936,501973
5.653259515762329,0.00665593147277832,0.4833333333333334,1.8189894035458565e-12,0.5238095238095238,0.8015873015873016,501973
5.506594181060791,0.0057830810546875,0.49180327868807433,1.8189894035458565e-12,0.5119047619047619,0.7936507936507936,501973
5.063802242279053,0.006959199905395508,0.5753424657534247,1.8189894035458565e-12,0.36904761904761907,0.8015873015873016,501973
4.908786773681641,0.0102081298828125,0.425925925925926,1.8189894035458565e-12,0.5952380952380952,0.8015873015873016,501973
4.523294925689697,0.007301807403564453,0.2608695652173913,1.8189894035458565e-12,0.7619047619047619,0.8015873015873016,501973
4.895279407501221,0.00805521011352539,0.5,1.8189894035458565e-12,0.5,0.8015873015873016,501973
5.1920270919799805,0.0069293975830078125,0.4745762711864418,1.8189894035458565e-12,0.5357142857142857,0.7936507936507936,501973
5.461095571517944,0.0047109127044677734,0.5441176470588236,1.8189894035458565e-12,0.42857142857142855,0.7936507936507936,501973
5.601361274719238,0.004503965377807617,0.5,1.8189894035458565e-12,0.5,0.8015873015873016,501973
5.479250192642212,0.004440784454345703,0.3111111111111111,1.8189894035458565e-12,0.7023809523809523,0.7936507936507936,501973
5.477869033813477,0.004213094711303711,0.44642857142857145,1.8189894035458565e-12,0.5714285714285714,0.7936507936507936,501973
5.526952028274536,0.004291057586669922,0.24489795918367346,1.8189894035458565e-12,0.7976190476190477,0.7936507936507936,501973
5.344722032546997,0.004362583160400391,0.4833333333333334,1.8189894035458565e-12,0.5238095238095238,0.7936507936507936,501973
5.472455978393555,0.0043179988861083984,0.5571428571428572,1.8189894035458565e-12,0.40476190476190477,0.7936507936507936,501973
5.376258134841919,0.004363536834716797,0.4833333333333334,1.8189894035458565e-12,0.5238095238095238,0.8015873015873016,501973
5.465276479721069,0.004494905471801758,0.279069767441861,1.8189894035458565e-12,0.7261904761904762,0.8015873015873016,501973
5.497926235198975,0.004930734634399414,0.4833333333333334,1.8189894035458565e-12,0.5238095238095238,0.7936507936507936,501973
5.522629261016846,0.006131887435913086,0.27272727272727276,1.8189894035458565e-12,0.7380952380952381,0.7936507936507936,501973
5.113436698913574,0.006074428558349609,0.5079365079365079,1.8189894035458565e-12,0.4880952380952381,0.7936507936507936,501973
5.345503330230713,0.006211280822753906,0.4561403508776318,1.8189894035458565e-12,0.5595238095238095,0.7936507936507936,501973
5.472759485244751,0.0055048465728759766,0.5,1.8189894035458565e-12,0.5,0.7936507936507936,501973
5.425303220748901,0.005800962448120117,0.3333333333333333,1.8189894035458565e-12,0.6785714285714286,0.7936507936507936,501973
5.713719367980957,0.005859375,0.5441176470588236,1.8189894035458565e-12,0.42857142857142855,0.8015873015873016,501973
5.268346071243286,0.006988048553466797,0.5633802816901409,1.8189894035458565e-12,0.39285714285714285,0.8015873015873016,501973
5.6808624267578125,0.005357265472412109,0.31818181818181823,1.8189894035458565e-12,0.6904761904761905,0.8015873015873016,990622
5.617180109024048,0.005886077880859375,0.4642857142857615,1.8189894035458565e-12,0.5476190476190477,0.7936507936507936,990622
5.6941258907318115,0.005177736282348633,0.3750000000001645,1.8189894035458565e-12,0.6428571428571429,0.7936507936507936,990622
5.982826232910156,0.004668712615966797,0.3750000000001645,1.8189894035458565e-12,0.6428571428571429,0.8015873015873016,990622
5.844430685043335,0.004483699798583984,0.4827586206896552,1.8189894035458565e-12,0.5238095238095238,0.8015873015873016,990622
5.913766622543335,0.004848003387451172,0.53125,1.8189894035458565e-12,0.4523809523809524,0.8015873015873016,990622
5.804563760757446,0.00484776496887207,0.38775510204084873,1.8189894035458565e-12,0.6309523809523809,0.7936507936507936,990622
5.920300006866455,0.005835056304931641,0.4642857142857615,1.8189894035458565e-12,0.5476190476190477,0.8015873015873016,990622
5.8673951625823975,0.005677938461303711,0.53125,1.8189894035458565e-12,0.4523809523809524,0.8015873015873016,990622
5.062559127807617,0.006135463714599609,0.5238095238095238,1.8189894035458565e-12,0.4642857142857143,0.8015873015873016,990622
5.0660080909729,0.007450103759765625,0.30232558139534893,1.8189894035458565e-12,0.7023809523809523,0.7936507936507936,990622
5.035073518753052,0.005938291549682617,0.4117647058823537,1.8189894035458565e-12,0.6071428571428571,0.7936507936507936,990622
4.820908308029175,0.00839853286743164,0.2352941176470588,1.8189894035458565e-12,0.8214285714285714,0.8015873015873016,990622
5.095249176025391,0.007536411285400391,0.5081967213114754,1.8189894035458565e-12,0.4880952380952381,0.8015873015873016,990622
5.016997575759888,0.0066106319427490234,0.53125,1.8189894035458565e-12,0.4523809523809524,0.7936507936507936,990622
5.090540170669556,0.006947755813598633,0.34782608695652173,1.8189894035458565e-12,0.6666666666666666,0.7936507936507936,990622
5.12345814704895,0.00610041618347168,0.44444444444444453,1.8189894035458565e-12,0.5714285714285714,0.7936507936507936,990622
5.192691802978516,0.007970809936523438,0.4827586206896552,1.8189894035458565e-12,0.5238095238095238,0.7936507936507936,990622
5.360996961593628,0.004368305206298828,0.27906976744186046,1.8189894035458565e-12,0.7261904761904762,0.8015873015873016,990622
5.451791763305664,0.004443645477294922,0.4117647058823537,1.8189894035458565e-12,0.6071428571428571,0.7936507936507936,990622
5.638967275619507,0.004491090774536133,0.4339622641509434,1.8189894035458565e-12,0.5833333333333334,0.8015873015873016,990622
5.486199617385864,0.0046846866607666016,0.27906976744186046,1.8189894035458565e-12,0.7261904761904762,0.7936507936507936,990622
5.672849178314209,0.005261421203613281,0.53125,1.8189894035458565e-12,0.4523809523809524,0.8015873015873016,990622
5.47490668296814,0.006616115570068359,0.26666666666666666,1.8189894035458565e-12,0.75,0.8015873015873016,990622
5.412412166595459,0.0061838626861572266,0.4642857142857615,1.8189894035458565e-12,0.5476190476190477,0.8015873015873016,990622
5.601263761520386,0.0060040950775146484,0.3333333333333333,1.8189894035458565e-12,0.6785714285714286,0.8015873015873016,990622
5.523436069488525,0.005322933197021484,0.4642857142857615,1.8189894035458565e-12,0.5476190476190477,0.8015873015873016,990622
5.7040510177612305,0.00539851188659668,0.4230769230769232,1.8189894035458565e-12,0.5952380952380952,0.8015873015873016,990622
5.323843479156494,0.006589651107788086,0.5588235294117647,1.8189894035458565e-12,0.40476190476190477,0.7936507936507936,990622
5.717891216278076,0.0058062076568603516,0.2600000000000029,1.8189894035458565e-12,0.7857142857142857,0.8015873015873016,785899
5.885830879211426,0.004292488098144531,0.2291666666666963,1.8189894035458565e-12,0.8095238095238095,0.7936507936507936,785899
5.885415077209473,0.005122661590576172,0.2291666666666963,1.8189894035458565e-12,0.8095238095238095,0.8015873015873016,785899
5.47017240524292,0.007293701171875,0.40322580645161615,1.8189894035458565e-12,0.6428571428571429,0.8015873015873016,785899
5.831117630004883,0.004625082015991211,0.24489795918368304,1.8189894035458565e-12,0.7976190476190477,0.8015873015873016,785899
5.770395994186401,0.005499601364135742,0.33928571428571425,1.8189894035458565e-12,0.7142857142857143,0.8015873015873016,785899
5.9647417068481445,0.005250215530395508,0.28846153846153866,1.8189894035458565e-12,0.7619047619047619,0.7936507936507936,785899
5.959313869476318,0.004754304885864258,0.21276595744689578,1.8189894035458565e-12,0.8214285714285714,0.8015873015873016,785899
6.0738208293914795,0.0047359466552734375,0.39344262295083426,1.8189894035458565e-12,0.6547619047619048,0.8015873015873016,785899
5.887956380844116,0.0043926239013671875,0.3833333333333918,1.8189894035458565e-12,0.6666666666666666,0.7936507936507936,785899
5.851152181625366,0.0047473907470703125,0.19565217391328926,1.8189894035458565e-12,0.8333333333333334,0.7936507936507936,785899
5.707450866699219,0.005253314971923828,0.32727272727272727,1.8189894035458565e-12,0.7261904761904762,0.8015873015873016,785899
6.003546714782715,0.0048370361328125,0.1395348837209303,1.8189894035458565e-12,0.8690476190476191,0.8015873015873016,785899
5.9327309131622314,0.004591703414916992,0.41269841269841334,1.8189894035458565e-12,0.6309523809523809,0.8015873015873016,785899
6.06088924407959,0.00458526611328125,0.4714285714285754,1.8189894035458565e-12,0.5476190476190477,0.7936507936507936,785899
5.043790340423584,0.007241249084472656,0.28846153846153866,1.8189894035458565e-12,0.7619047619047619,0.7936507936507936,785899
4.80799126625061,0.0065729618072509766,0.28846153846153866,1.8189894035458565e-12,0.7619047619047619,0.7936507936507936,785899
4.841726064682007,0.007919788360595703,0.30188679245283023,1.8189894035458565e-12,0.75,0.7936507936507936,785899
5.1367645263671875,0.00548863410949707,0.2600000000000029,1.8189894035458565e-12,0.7857142857142857,0.7936507936507936,785899
5.348454713821411,0.006669282913208008,0.24489795918368304,1.8189894035458565e-12,0.7976190476190477,0.8015873015873016,785899
4.999894142150879,0.0068776607513427734,0.47887323943661986,1.8189894035458565e-12,0.5357142857142857,0.7936507936507936,785899
5.040444850921631,0.006716728210449219,0.28846153846153866,1.8189894035458565e-12,0.7619047619047619,0.8015873015873016,785899
5.472170114517212,0.006966114044189453,0.27450980392156954,1.8189894035458565e-12,0.7738095238095238,0.8015873015873016,785899
5.651487827301025,0.0054247379302978516,0.11904761904761907,1.8189894035458565e-12,0.8809523809523809,0.7936507936507936,785899
5.7161619663238525,0.004804372787475586,0.11904761904761907,1.8189894035458565e-12,0.8809523809523809,0.8015873015873016,785899
5.689518213272095,0.00574803352355957,0.3620689655169395,1.8189894035458565e-12,0.6904761904761905,0.7936507936507936,785899
5.676870822906494,0.005579233169555664,0.3833333333333918,1.8189894035458565e-12,0.6666666666666666,0.8015873015873016,785899
5.7051308155059814,0.005063056945800781,0.17777777777744141,1.8189894035458565e-12,0.8452380952380952,0.8015873015873016,785899
5.984308958053589,0.004877805709838867,0.3508771929824561,1.8189894035458565e-12,0.7023809523809523,0.8015873015873016,785899
5.353156805038452,0.009796142578125,0.3333333333333333,1.8189894035458565e-12,0.7380952380952381,0.8015873015873016,720193
5.790122032165527,0.006371498107910156,0.3103448275862069,1.8189894035458565e-12,0.7619047619047619,0.7936507936507936,720193
5.634394884109497,0.0059816837310791016,0.3750000000001645,1.8189894035458565e-12,0.6904761904761905,0.8015873015873016,720193
5.8301873207092285,0.005108356475830078,0.4736842105263174,1.8189894035458565e-12,0.5476190476190477,0.8015873015873016,720193
5.903350830078125,0.004839181900024414,0.2592592592592624,1.8189894035458565e-12,0.8095238095238095,0.8015873015873016,720193
5.627849340438843,0.005506277084350586,0.4594594594596473,1.8189894035458565e-12,0.5714285714285714,0.7936507936507936,720193
5.930085897445679,0.0045299530029296875,0.3103448275862069,1.8189894035458565e-12,0.7619047619047619,0.7936507936507936,720193
5.877511978149414,0.004564523696899414,0.4285714285714286,1.8189894035458565e-12,0.6190476190476191,0.7936507936507936,720193
5.936042308807373,0.005162715911865234,0.3103448275862069,1.8189894035458565e-12,0.7619047619047619,0.7936507936507936,720193
6.027601957321167,0.005110025405883789,0.38461538461543404,1.8189894035458565e-12,0.6666666666666666,0.7936507936507936,720193
5.759510278701782,0.004748821258544922,0.27272727272727365,1.8189894035458565e-12,0.7976190476190477,0.8015873015873016,720193
6.01188325881958,0.0049326419830322266,0.3220338983050847,1.8189894035458565e-12,0.75,0.7936507936507936,720193
4.843955039978027,0.015677213668823242,0.27272727272727365,1.8189894035458565e-12,0.7976190476190477,0.7936507936507936,720193
4.947815895080566,0.006740570068359375,0.4520547945205479,1.8189894035458565e-12,0.5833333333333334,0.8015873015873016,720193
5.16590690612793,0.006111860275268555,0.4444444444444445,1.8189894035458565e-12,0.5952380952380952,0.7936507936507936,720193
4.875951051712036,0.006452083587646484,0.3548387096774193,1.8189894035458565e-12,0.7142857142857143,0.7936507936507936,720193
5.070101261138916,0.00593256950378418,0.49367088607604237,1.8189894035458565e-12,0.5119047619047619,0.8015873015873016,720193
4.955096244812012,0.006191253662109375,0.4117647058823537,1.8189894035458565e-12,0.6428571428571429,0.8015873015873016,720193
5.16997766494751,0.0060694217681884766,0.4520547945205479,1.8189894035458565e-12,0.5833333333333334,0.7936507936507936,720193
5.284906625747681,0.006620645523071289,0.29824561403508776,1.8189894035458565e-12,0.7738095238095238,0.8015873015873016,720193
5.058850288391113,0.005629539489746094,0.43661971830985913,1.8189894035458565e-12,0.6071428571428571,0.8015873015873016,720193
5.005508184432983,0.00621485710144043,0.43661971830985913,1.8189894035458565e-12,0.6071428571428571,0.7936507936507936,720193
5.499957084655762,0.00554347038269043,0.3333333333333333,1.8189894035458565e-12,0.7380952380952381,0.8015873015873016,720193
5.321417808532715,0.0069582462310791016,0.3750000000001645,1.8189894035458565e-12,0.6904761904761905,0.7936507936507936,720193
5.481482744216919,0.006105661392211914,0.14893617021276592,1.8189894035458565e-12,0.8928571428571429,0.8015873015873016,720193
5.448373794555664,0.005143165588378906,0.48051948051948057,1.8189894035458565e-12,0.5357142857142857,0.7936507936507936,720193
5.542582035064697,0.004884243011474609,0.3220338983050847,1.8189894035458565e-12,0.75,0.8015873015873016,720193
5.3651134967803955,0.005465269088745117,0.21568627450987635,1.8189894035458565e-12,0.8452380952380952,0.8015873015873016,720193
5.504577875137329,0.005472660064697266,0.48051948051948057,1.8189894035458565e-12,0.5357142857142857,0.8015873015873016,720193
5.108615398406982,0.010466814041137695,0.34,1.8189894035458565e-12,0.6904761904761905,0.7936507936507936,261313
5.528102397918701,0.007086277008056641,0.34,1.8189894035458565e-12,0.6904761904761905,0.8015873015873016,261313
5.811520338058472,0.005577802658081055,0.46774193548388643,1.8189894035458565e-12,0.5476190476190477,0.8015873015873016,261313
5.526139259338379,0.007052898406982422,0.4107142857142866,1.8189894035458565e-12,0.6190476190476191,0.8015873015873016,261313
5.555591344833374,0.006186962127685547,0.484375,1.8189894035458565e-12,0.5238095238095238,0.8015873015873016,261313
5.8397674560546875,0.004978656768798828,0.5352112676056338,1.8189894035458565e-12,0.44047619047619047,0.7936507936507936,261313
5.57064151763916,0.0056912899017333984,0.4590163934428342,1.8189894035458565e-12,0.5595238095238095,0.7936507936507936,261313
6.01313591003418,0.004669904708862305,0.5147058823529411,1.8189894035458565e-12,0.47619047619047616,0.8015873015873016,261313
5.811866998672485,0.004533529281616211,0.4590163934428342,1.8189894035458565e-12,0.5595238095238095,0.8015873015873016,261313
5.776273012161255,0.00537872314453125,0.45,1.8189894035458565e-12,0.5714285714285714,0.7936507936507936,261313
5.883625268936157,0.004648685455322266,0.484375,1.8189894035458565e-12,0.5238095238095238,0.8015873015873016,261313
5.998222827911377,0.00465083122253418,0.47619047619047666,1.8189894035458565e-12,0.5357142857142857,0.7936507936507936,261313
5.622511863708496,0.006306648254394531,0.20930232558139533,1.8189894035458565e-12,0.7976190476190477,0.7936507936507936,261313
5.962602376937866,0.004880666732788086,0.49230769230804805,1.8189894035458565e-12,0.5119047619047619,0.7936507936507936,261313
5.962561368942261,0.005132436752319336,0.49230769230804805,1.8189894035458565e-12,0.5119047619047619,0.8015873015873016,261313
5.925870895385742,0.004778146743774414,0.21428571428579346,1.8189894035458565e-12,0.7857142857142857,0.7936507936507936,261313
5.883814811706543,0.004892587661743164,0.42105263157894746,1.8189894035458565e-12,0.6071428571428571,0.7936507936507936,261313
6.11332631111145,0.004818439483642578,0.5147058823529411,1.8189894035458565e-12,0.47619047619047616,0.8015873015873016,261313
4.909420967102051,0.007680654525756836,0.4000000000000054,1.8189894035458565e-12,0.6309523809523809,0.8015873015873016,261313
5.132626295089722,0.007118701934814453,0.3125,1.8189894035458565e-12,0.7142857142857143,0.7936507936507936,261313
5.1148035526275635,0.006761789321899414,0.46774193548388643,1.8189894035458565e-12,0.5476190476190477,0.8015873015873016,261313
5.226044178009033,0.005856513977050781,0.47619047619047666,1.8189894035458565e-12,0.5357142857142857,0.8015873015873016,261313
5.239203214645386,0.007162570953369141,0.32653061224489793,1.8189894035458565e-12,0.7023809523809523,0.8015873015873016,261313
5.319010019302368,0.006664752960205078,0.4310344827586208,1.8189894035458565e-12,0.5952380952380952,0.8095238095238095,261313
5.418889999389648,0.006052255630493164,0.3529411764705882,1.8189894035458565e-12,0.6785714285714286,0.7936507936507936,261313
5.439465045928955,0.0064220428466796875,0.47619047619047666,1.8189894035458565e-12,0.5357142857142857,0.7936507936507936,261313
5.503220796585083,0.005401134490966797,0.4000000000000054,1.8189894035458565e-12,0.6309523809523809,0.8015873015873016,261313
5.337472200393677,0.006925344467163086,0.3653846153851055,1.8189894035458565e-12,0.6666666666666666,0.8015873015873016,261313
5.439013481140137,0.006666898727416992,0.5147058823529411,1.8189894035458565e-12,0.47619047619047616,0.8015873015873016,261313
5.2060229778289795,0.011015176773071289,0.22000000000005476,1.8189894035458565e-12,0.8333333333333334,0.8015873015873016,538363
5.201714277267456,0.007378816604614258,0.30357142857142866,1.8189894035458565e-12,0.7619047619047619,0.8015873015873016,538363
5.580207824707031,0.007763862609863281,0.2909090909090912,1.8189894035458565e-12,0.7738095238095238,0.7936507936507936,538363
5.205243110656738,0.00735783576965332,0.23529411764707805,1.8189894035458565e-12,0.8214285714285714,0.8015873015873016,538363
6.148000001907349,0.005365133285522461,0.3809523809524602,1.8189894035458565e-12,0.6785714285714286,0.8015873015873016,538363
5.52236533164978,0.005053043365478516,0.3275862068965517,1.8189894035458565e-12,0.7380952380952381,0.7936507936507936,538363
5.8359832763671875,0.005399465560913086,0.41791044776119424,1.8189894035458565e-12,0.6309523809523809,0.7936507936507936,538363
5.548582553863525,0.006264925003051758,0.4868421052631579,1.8189894035458565e-12,0.5238095238095238,0.7936507936507936,538363
5.675435543060303,0.006743192672729492,0.45070422535211263,1.8189894035458565e-12,0.5833333333333334,0.7936507936507936,538363
5.934625625610352,0.0057811737060546875,0.30357142857142866,1.8189894035458565e-12,0.7619047619047619,0.7936507936507936,538363
5.697851657867432,0.006285190582275391,0.42647058823529416,1.8189894035458565e-12,0.6190476190476191,0.7936507936507936,538363
5.804953575134277,0.005808591842651367,0.40000000000000546,1.8189894035458565e-12,0.6428571428571429,0.7936507936507936,538363
6.0300421714782715,0.006088972091674805,0.33898305084745756,1.8189894035458565e-12,0.7261904761904762,0.8015873015873016,538363
5.778131723403931,0.006140232086181641,0.45833333333358595,1.8189894035458565e-12,0.5714285714285714,0.8015873015873016,538363
5.44656777381897,0.004594326019287109,0.3906250000000218,1.8189894035458565e-12,0.6666666666666666,0.7936507936507936,538363
5.460636615753174,0.004480838775634766,0.22000000000005476,1.8189894035458565e-12,0.8333333333333334,0.7936507936507936,538363
5.579578399658203,0.0048885345458984375,0.3275862068965517,1.8189894035458565e-12,0.7380952380952381,0.7857142857142857,538363
5.43137001991272,0.004530191421508789,0.45833333333358595,1.8189894035458565e-12,0.5714285714285714,0.7936507936507936,538363
5.381039381027222,0.0043392181396484375,0.45833333333358595,1.8189894035458565e-12,0.5714285714285714,0.8015873015873016,538363
5.513825178146362,0.004645109176635742,0.33898305084745756,1.8189894035458565e-12,0.7261904761904762,0.7936507936507936,538363
5.991527795791626,0.006003618240356445,0.4428571428571428,1.8189894035458565e-12,0.5952380952380952,0.7857142857142857,538363
5.367191553115845,0.006181001663208008,0.41791044776119424,1.8189894035458565e-12,0.6309523809523809,0.8015873015873016,538363
5.2455456256866455,0.006981849670410156,0.2641509433962285,1.8189894035458565e-12,0.7976190476190477,0.7936507936507936,538363
5.28825044631958,0.00669097900390625,0.45070422535211263,1.8189894035458565e-12,0.5833333333333334,0.7936507936507936,538363
5.322086572647095,0.006766080856323242,0.1875000000003907,1.8189894035458565e-12,0.8571428571428571,0.7936507936507936,538363
4.94663143157959,0.00701451301574707,0.3809523809524602,1.8189894035458565e-12,0.6785714285714286,0.8015873015873016,538363
5.131844758987427,0.010904550552368164,0.4428571428571428,1.8189894035458565e-12,0.5952380952380952,0.8015873015873016,538363
5.13584566116333,0.009443998336791992,0.3275862068965517,1.8189894035458565e-12,0.7380952380952381,0.7936507936507936,538363
5.89528751373291,0.0062062740325927734,0.45833333333358595,1.8189894035458565e-12,0.5714285714285714,0.8015873015873016,538363
5.069344997406006,0.006445407867431641,0.2500000000000064,1.8189894035458565e-12,0.7857142857142857,0.8015873015873016,257279
5.058898210525513,0.008098840713500977,0.32075471698113206,1.8189894035458565e-12,0.7261904761904762,0.7936507936507936,257279
5.08127498626709,0.00830388069152832,0.4461538461538462,1.8189894035458565e-12,0.5833333333333334,0.7936507936507936,257279
5.216439247131348,0.006737232208251953,0.20000000000019041,1.8189894035458565e-12,0.8214285714285714,0.8015873015873016,257279
4.7016730308532715,0.009762048721313477,0.47058823529412314,1.8189894035458565e-12,0.5476190476190477,0.8015873015873016,257279
5.199463129043579,0.006144523620605469,0.5324675324675324,1.8189894035458565e-12,0.44047619047619047,0.7936507936507936,257279
5.181115627288818,0.006428241729736328,0.5068493150684932,1.8189894035458565e-12,0.4880952380952381,0.7936507936507936,257279
5.434147357940674,0.006687164306640625,0.52,1.8189894035458565e-12,0.4642857142857143,0.8015873015873016,257279
5.664101600646973,0.005918025970458984,0.5068493150684932,1.8189894035458565e-12,0.4880952380952381,0.8015873015873016,257279
5.18496298789978,0.006566524505615234,0.3898305084746006,1.8189894035458565e-12,0.6547619047619048,0.7936507936507936,257279
5.27633810043335,0.006960391998291016,0.4626865671642554,1.8189894035458565e-12,0.5595238095238095,0.7936507936507936,257279
5.367836952209473,0.0064220428466796875,0.5135135135135135,1.8189894035458565e-12,0.47619047619047616,0.7936507936507936,257279
5.657090425491333,0.005866527557373047,0.4545454545450978,1.8189894035458565e-12,0.5714285714285714,0.7936507936507936,257279
5.675835847854614,0.006691455841064453,0.4782608695652176,1.8189894035458565e-12,0.5357142857142857,0.7936507936507936,257279
5.572960376739502,0.004612445831298828,0.4461538461538462,1.8189894035458565e-12,0.5833333333333334,0.7936507936507936,257279
5.354258298873901,0.0044476985931396484,0.13953488372093023,1.8189894035458565e-12,0.8690476190476191,0.8015873015873016,257279
5.359946966171265,0.0045185089111328125,0.14285714285714288,1.8189894035458565e-12,0.8571428571428571,0.7936507936507936,257279
5.293610334396362,0.00451350212097168,0.5068493150684932,1.8189894035458565e-12,0.4880952380952381,0.7936507936507936,257279
5.350662708282471,0.003972768783569336,0.52,1.8189894035458565e-12,0.4642857142857143,0.8015873015873016,257279
5.4598565101623535,0.0044994354248046875,0.33333333333333337,1.8189894035458565e-12,0.7142857142857143,0.7936507936507936,257279
5.516148090362549,0.005133390426635742,0.4545454545450978,1.8189894035458565e-12,0.5714285714285714,0.7936507936507936,257279
5.413905620574951,0.0042514801025390625,0.4461538461538462,1.8189894035458565e-12,0.5833333333333334,0.8015873015873016,257279
5.437074422836304,0.004938840866088867,0.23404255319151032,1.8189894035458565e-12,0.7976190476190477,0.7936507936507936,257279
5.446417331695557,0.004340171813964844,0.4857142857142857,1.8189894035458565e-12,0.5238095238095238,0.8015873015873016,257279
5.469945430755615,0.004898548126220703,0.2800000000000005,1.8189894035458565e-12,0.7619047619047619,0.8015873015873016,257279
5.296870708465576,0.006545543670654297,0.5068493150684932,1.8189894035458565e-12,0.4880952380952381,0.8015873015873016,257279
4.714476823806763,0.006583452224731445,0.5,1.8189894035458565e-12,0.5,0.7936507936507936,257279
4.900330066680908,0.007478237152099609,0.40000000000000546,1.8189894035458565e-12,0.6428571428571429,0.7936507936507936,257279
5.165888786315918,0.007577180862426758,0.49295774647906715,1.8189894035458565e-12,0.5119047619047619,0.8015873015873016,257279
5.375608444213867,0.006956338882446289,0.297872340425532,1.8189894035458565e-12,0.7261904761904762,0.8015873015873016,893255
5.400688886642456,0.0067272186279296875,0.23255813953490714,1.8189894035458565e-12,0.7738095238095238,0.8015873015873016,893255
5.603133201599121,0.0069065093994140625,0.2826086956521744,1.8189894035458565e-12,0.7380952380952381,0.7936507936507936,893255
5.3536999225616455,0.008095264434814453,0.19565217391304346,1.8189894035458565e-12,0.8333333333333334,0.7936507936507936,893255
5.371167898178101,0.008600711822509766,0.32653061224489793,1.8189894035458565e-12,0.7023809523809523,0.7936507936507936,893255
5.718977451324463,0.0064105987548828125,0.3125,1.8189894035458565e-12,0.7142857142857143,0.8015873015873016,893255
5.4891438484191895,0.005900859832763672,0.38888888888891665,1.8189894035458565e-12,0.6428571428571429,0.8015873015873016,893255
5.531564235687256,0.006575822830200195,0.4590163934428342,1.8189894035458565e-12,0.5595238095238095,0.8015873015873016,893255
5.3075714111328125,0.007132291793823242,0.5,1.8189894035458565e-12,0.5,0.7936507936507936,893255
5.767692565917969,0.005496025085449219,0.2045454545454545,1.8189894035458565e-12,0.8095238095238095,0.8015873015873016,893255
5.574643611907959,0.0067691802978515625,0.4000000000000054,1.8189894035458565e-12,0.6309523809523809,0.8015873015873016,893255
5.505639553070068,0.006449222564697266,0.4000000000000054,1.8189894035458565e-12,0.6309523809523809,0.7936507936507936,893255
5.966006755828857,0.0054013729095458984,0.3529411764705882,1.8189894035458565e-12,0.6785714285714286,0.7936507936507936,893255
5.966673135757446,0.005275249481201172,0.2500000000000064,1.8189894035458565e-12,0.7619047619047619,0.8015873015873016,893255
5.918522596359253,0.006369352340698242,0.26666666666666833,1.8189894035458565e-12,0.75,0.7936507936507936,893255
6.128624200820923,0.005357503890991211,0.18367346938775508,1.8189894035458565e-12,0.8690476190476191,0.7936507936507936,893255
5.898684024810791,0.005982637405395508,0.297872340425532,1.8189894035458565e-12,0.7261904761904762,0.8015873015873016,893255
5.438922166824341,0.004317760467529297,0.47619047619047666,1.8189894035458565e-12,0.5357142857142857,0.7936507936507936,893255
5.783086061477661,0.007018089294433594,0.46774193548388643,1.8189894035458565e-12,0.5476190476190477,0.7936507936507936,893255
5.549630403518677,0.004637956619262695,0.32653061224489793,1.8189894035458565e-12,0.7023809523809523,0.7936507936507936,893255
5.409026861190796,0.004373311996459961,0.3529411764705882,1.8189894035458565e-12,0.6785714285714286,0.7936507936507936,893255
5.489865064620972,0.004157543182373047,0.4107142857142866,1.8189894035458565e-12,0.6190476190476191,0.7936507936507936,893255
6.113779067993164,0.0053997039794921875,0.21428571428579346,1.8189894035458565e-12,0.7857142857142857,0.8015873015873016,893255
5.294779062271118,0.007340908050537109,0.46774193548388643,1.8189894035458565e-12,0.5476190476190477,0.8015873015873016,893255
5.888260841369629,0.005650043487548828,0.2500000000000064,1.8189894035458565e-12,0.7619047619047619,0.8015873015873016,893255
5.872623920440674,0.005218505859375,0.4310344827586208,1.8189894035458565e-12,0.5952380952380952,0.7936507936507936,893255
5.609264612197876,0.007515907287597656,0.47619047619047666,1.8189894035458565e-12,0.5357142857142857,0.8015873015873016,893255
5.608070373535156,0.005818605422973633,0.297872340425532,1.8189894035458565e-12,0.7261904761904762,0.7936507936507936,893255
5.0916969776153564,0.007590532302856445,0.3653846153851055,1.8189894035458565e-12,0.6666666666666666,0.7936507936507936,893255
5.245159864425659,0.00791168212890625,0.23255813953490714,1.8189894035458565e-12,0.7738095238095238,0.7936507936507936,527796
5.093226432800293,0.008034706115722656,0.32653061224489793,1.8189894035458565e-12,0.7023809523809523,0.7936507936507936,527796
5.407592058181763,0.0071582794189453125,0.20930232558139533,1.8189894035458565e-12,0.7976190476190477,0.8015873015873016,527796
6.284422874450684,0.005396127700805664,0.26666666666666833,1.8189894035458565e-12,0.75,0.7936507936507936,527796
6.1412951946258545,0.004862070083618164,0.37735849056616155,1.8189894035458565e-12,0.6547619047619048,0.7936507936507936,527796
6.142410755157471,0.005246162414550781,0.47619047619047666,1.8189894035458565e-12,0.5357142857142857,0.7936507936507936,527796
6.1859331130981445,0.004639387130737305,0.3529411764705882,1.8189894035458565e-12,0.6785714285714286,0.7936507936507936,527796
6.289212465286255,0.005163908004760742,0.45,1.8189894035458565e-12,0.5714285714285714,0.7936507936507936,527796
6.054745435714722,0.005118370056152344,0.297872340425532,1.8189894035458565e-12,0.7261904761904762,0.7936507936507936,527796
5.863477468490601,0.0058214664459228516,0.19999999999999998,1.8189894035458565e-12,0.8214285714285714,0.7936507936507936,527796
6.210634231567383,0.005055904388427734,0.1875,1.8189894035458565e-12,0.8571428571428571,0.8015873015873016,527796
6.124427318572998,0.00558924674987793,0.46774193548388643,1.8189894035458565e-12,0.5476190476190477,0.8015873015873016,527796
6.262687921524048,0.004979610443115234,0.19148936170212766,1.8189894035458565e-12,0.8452380952380952,0.7936507936507936,527796
6.262831449508667,0.005062580108642578,0.1875,1.8189894035458565e-12,0.8571428571428571,0.8015873015873016,527796
6.161625862121582,0.005342721939086914,0.34,1.8189894035458565e-12,0.6904761904761905,0.7936507936507936,527796
5.1672163009643555,0.007644176483154297,0.21428571428579346,1.8189894035458565e-12,0.7857142857142857,0.8015873015873016,527796
5.272398233413696,0.00644230842590332,0.3125,1.8189894035458565e-12,0.7142857142857143,0.7936507936507936,527796
5.052639722824097,0.006401538848876953,0.4000000000000054,1.8189894035458565e-12,0.6309523809523809,0.7936507936507936,527796
5.086342811584473,0.0069124698638916016,0.3653846153851055,1.8189894035458565e-12,0.6666666666666666,0.8015873015873016,527796
5.18248438835144,0.005942106246948242,0.19148936170212766,1.8189894035458565e-12,0.8452380952380952,0.7936507936507936,527796
5.359045743942261,0.0059967041015625,0.4000000000000054,1.8189894035458565e-12,0.6309523809523809,0.8015873015873016,527796
5.2023091316223145,0.00704646110534668,0.45,1.8189894035458565e-12,0.5714285714285714,0.7936507936507936,527796
5.941795587539673,0.004706859588623047,0.2826086956521744,1.8189894035458565e-12,0.7380952380952381,0.7936507936507936,527796
5.266203165054321,0.006929159164428711,0.34,1.8189894035458565e-12,0.6904761904761905,0.7936507936507936,527796
5.710176229476929,0.006868839263916016,0.18367346938775508,1.8189894035458565e-12,0.8690476190476191,0.8015873015873016,527796
5.470099687576294,0.00718379020690918,0.47619047619047666,1.8189894035458565e-12,0.5357142857142857,0.7936507936507936,527796
5.560453653335571,0.006156206130981445,0.37735849056616155,1.8189894035458565e-12,0.6428571428571429,0.8015873015873016,527796
5.457575559616089,0.006222963333129883,0.3529411764705882,1.8189894035458565e-12,0.6785714285714286,0.7936507936507936,527796
5.867101192474365,0.005033254623413086,0.34,1.8189894035458565e-12,0.6904761904761905,0.8015873015873016,527796
5.6189281940460205,0.007356405258178711,0.4477611940298507,1.8189894035458565e-12,0.5833333333333334,0.8015873015873016,657486
5.7760725021362305,0.00498509407043457,0.4477611940298507,1.8189894035458565e-12,0.5833333333333334,0.7936507936507936,657486
5.997017860412598,0.00507807731628418,0.4558823529416437,1.8189894035458565e-12,0.5714285714285714,0.7936507936507936,657486
5.535261392593384,0.00577545166015625,0.43076923076923074,1.8189894035458565e-12,0.6071428571428571,0.7936507936507936,657486
5.837884902954102,0.0049839019775390625,0.513157894736842,1.8189894035458565e-12,0.47619047619047616,0.8015873015873016,657486
5.860523223876953,0.004742145538330078,0.3508771929824561,1.8189894035458565e-12,0.7023809523809523,0.7936507936507936,657486
5.720359563827515,0.0053026676177978516,0.5256410256410257,1.8189894035458565e-12,0.4523809523809524,0.8015873015873016,657486
5.842707872390747,0.004659175872802734,0.46376811594208434,1.8189894035458565e-12,0.5595238095238095,0.8015873015873016,657486
5.925229787826538,0.004577159881591797,0.4931506849316671,1.8189894035458565e-12,0.5119047619047619,0.7936507936507936,657486
6.101590871810913,0.004952430725097656,0.4931506849316671,1.8189894035458565e-12,0.5119047619047619,0.8015873015873016,657486
5.879435777664185,0.004641056060791016,0.5316455696202532,1.8189894035458565e-12,0.44047619047619047,0.7936507936507936,657486
5.123157024383545,0.005529642105102539,0.40322580645161615,1.8189894035458565e-12,0.6428571428571429,0.7936507936507936,657486
4.776733636856079,0.008443117141723633,0.3620689655169395,1.8189894035458565e-12,0.6904761904761905,0.7936507936507936,657486
5.027792453765869,0.006686687469482422,0.5194805194805195,1.8189894035458565e-12,0.4642857142857143,0.8015873015873016,657486
5.068413496017456,0.00574040412902832,0.46376811594208434,1.8189894035458565e-12,0.5595238095238095,0.8015873015873016,657486
5.016734838485718,0.006799936294555664,0.43076923076923074,1.8189894035458565e-12,0.6071428571428571,0.7936507936507936,657486
5.2165563106536865,0.006747007369995117,0.4218750000000001,1.8189894035458565e-12,0.6190476190476191,0.8015873015873016,657486
4.914430141448975,0.007124423980712891,0.513157894736842,1.8189894035458565e-12,0.47619047619047616,0.7936507936507936,657486
5.106041669845581,0.0062754154205322266,0.4861111111111111,1.8189894035458565e-12,0.5238095238095238,0.7936507936507936,657486
4.911229133605957,0.006350278854370117,0.4714285714285754,1.8189894035458565e-12,0.5476190476190477,0.7936507936507936,657486
5.122525930404663,0.005925655364990234,0.4558823529416437,1.8189894035458565e-12,0.5714285714285714,0.8015873015873016,657486
5.007178544998169,0.007074117660522461,0.4393939393939394,1.8189894035458565e-12,0.5952380952380952,0.7936507936507936,657486
5.800763845443726,0.0045757293701171875,0.4558823529416437,1.8189894035458565e-12,0.5714285714285714,0.8015873015873016,657486
5.9225404262542725,0.00512242317199707,0.3833333333333918,1.8189894035458565e-12,0.6666666666666666,0.8095238095238095,657486
5.483893394470215,0.0055162906646728516,0.41269841269841334,1.8189894035458565e-12,0.6309523809523809,0.8015873015873016,657486
5.767361164093018,0.005791902542114258,0.4393939393939394,1.8189894035458565e-12,0.5952380952380952,0.8015873015873016,657486
5.545540809631348,0.0063474178314208984,0.4861111111111111,1.8189894035458565e-12,0.5238095238095238,0.7936507936507936,657486
5.709319114685059,0.004758596420288086,0.4931506849316671,1.8189894035458565e-12,0.5119047619047619,0.8015873015873016,657486
5.712741374969482,0.0049076080322265625,0.5256410256410257,1.8189894035458565e-12,0.4523809523809524,0.7936507936507936,657486
5.309755086898804,0.011940717697143555,0.11627906976744186,1.8189894035458565e-12,0.8928571428571429,0.7936507936507936,966655
5.612635612487793,0.006507396697998047,0.11627906976744186,1.8189894035458565e-12,0.8928571428571429,0.8015873015873016,966655
5.813538312911987,0.005491018295288086,0.11627906976744186,1.8189894035458565e-12,0.8928571428571429,0.8015873015873016,966655
5.550526857376099,0.006232023239135742,0.10638297872340426,1.8189894035458565e-12,0.9404761904761905,0.8015873015873016,966655
5.848764419555664,0.005215644836425781,0.11627906976744186,1.8189894035458565e-12,0.8928571428571429,0.8015873015873016,966655
5.846038579940796,0.006744384765625,0.30188679245283023,1.8189894035458565e-12,0.75,0.8015873015873016,966655
5.8582727909088135,0.005006074905395508,0.11904761904761907,1.8189894035458565e-12,0.8809523809523809,0.7936507936507936,966655
5.819262266159058,0.005296230316162109,0.3620689655169395,1.8189894035458565e-12,0.6904761904761905,0.7936507936507936,966655
5.885440349578857,0.004937171936035156,0.28846153846153866,1.8189894035458565e-12,0.7619047619047619,0.7936507936507936,966655
6.029265403747559,0.0051593780517578125,0.19565217391328926,1.8189894035458565e-12,0.8333333333333334,0.8015873015873016,966655
6.103250026702881,0.005791425704956055,0.10638297872340426,1.8189894035458565e-12,0.9404761904761905,0.8015873015873016,966655
5.801614999771118,0.0055277347564697266,0.37288135593241456,1.8189894035458565e-12,0.6785714285714286,0.7936507936507936,966655
5.8395469188690186,0.005635738372802734,0.37288135593241456,1.8189894035458565e-12,0.6785714285714286,0.7936507936507936,966655
5.90802526473999,0.005215167999267578,0.10869565217391303,1.8189894035458565e-12,0.9285714285714286,0.8015873015873016,966655
5.791470766067505,0.005425453186035156,0.10638297872340426,1.8189894035458565e-12,0.9404761904761905,0.7936507936507936,966655
5.894998788833618,0.005114555358886719,0.10638297872340426,1.8189894035458565e-12,0.9404761904761905,0.8015873015873016,966655
4.967674493789673,0.008371353149414062,0.17777777777744141,1.8189894035458565e-12,0.8452380952380952,0.8015873015873016,966655
5.044524192810059,0.007509708404541016,0.2600000000000029,1.8189894035458565e-12,0.7857142857142857,0.7936507936507936,966655
4.915952920913696,0.0077972412109375,0.32727272727272727,1.8189894035458565e-12,0.7261904761904762,0.8015873015873016,966655
4.825832366943359,0.007299900054931641,0.10638297872340426,1.8189894035458565e-12,0.9404761904761905,0.8015873015873016,966655
5.35228967666626,0.0043756961822509766,0.10638297872340426,1.8189894035458565e-12,0.9404761904761905,0.8015873015873016,966655
5.3728227615356445,0.00484156608581543,0.21276595744689578,1.8189894035458565e-12,0.8095238095238095,0.8015873015873016,966655
5.583244562149048,0.004839897155761719,0.10638297872340426,1.8189894035458565e-12,0.9404761904761905,0.8015873015873016,966655
5.65448784828186,0.005554914474487305,0.1395348837209303,1.8189894035458565e-12,0.8690476190476191,0.8015873015873016,966655
5.214803457260132,0.0066454410552978516,0.10638297872340426,1.8189894035458565e-12,0.9404761904761905,0.7936507936507936,966655
5.162750720977783,0.007108449935913086,0.33928571428571425,1.8189894035458565e-12,0.7142857142857143,0.7936507936507936,966655
5.283712387084961,0.007053375244140625,0.27450980392156954,1.8189894035458565e-12,0.7738095238095238,0.8015873015873016,966655
5.505129337310791,0.005942821502685547,0.24489795918368304,1.8189894035458565e-12,0.7976190476190477,0.8015873015873016,966655
5.431555271148682,0.006059885025024414,0.10638297872340426,1.8189894035458565e-12,0.9285714285714286,0.7936507936507936,966655
4.4620161056518555,0.007489919662475586,0.18604651162790697,1.8189894035458565e-12,0.8214285714285714,0.7936507936507936,342329
5.555609464645386,0.0064945220947265625,0.3333333333333333,1.8189894035458565e-12,0.7023809523809523,0.7936507936507936,342329
5.683578252792358,0.0061304569244384766,0.29166666666666685,1.8189894035458565e-12,0.7380952380952381,0.7936507936507936,342329
5.54942774772644,0.0070056915283203125,0.17777777777777778,1.8189894035458565e-12,0.8452380952380952,0.8015873015873016,342329
5.61794638633728,0.007053852081298828,0.4137931034482764,1.8189894035458565e-12,0.6190476190476191,0.7936507936507936,342329
5.812762260437012,0.0059397220611572266,0.5072463768115941,1.8189894035458565e-12,0.4880952380952381,0.8015873015873016,342329
5.7995686531066895,0.006176948547363281,0.48484848484848486,1.8189894035458565e-12,0.5238095238095238,0.8015873015873016,342329
5.6892290115356445,0.006195068359375,0.4603174603176093,1.8189894035458565e-12,0.5595238095238095,0.8015873015873016,342329
5.942941904067993,0.005662679672241211,0.4687500000000108,1.8189894035458565e-12,0.5476190476190477,0.8015873015873016,342329
5.760127067565918,0.006027698516845703,0.44262295081967207,1.8189894035458565e-12,0.5833333333333334,0.8015873015873016,342329
5.780203819274902,0.005860090255737305,0.18604651162790697,1.8189894035458565e-12,0.8214285714285714,0.8015873015873016,342329
5.881502866744995,0.006348133087158203,0.17777777777777778,1.8189894035458565e-12,0.8452380952380952,0.7936507936507936,342329
6.0453267097473145,0.006121635437011719,0.3928571428571587,1.8189894035458565e-12,0.6428571428571429,0.8015873015873016,342329
5.427114248275757,0.005085945129394531,0.24444444444445437,1.8189894035458565e-12,0.7738095238095238,0.7936507936507936,342329
5.373956203460693,0.004442930221557617,0.29166666666666685,1.8189894035458565e-12,0.7380952380952381,0.8015873015873016,342329
5.5808281898498535,0.0046846866607666016,0.18604651162790697,1.8189894035458565e-12,0.8214285714285714,0.7936507936507936,342329
5.542214393615723,0.005227804183959961,0.18181818181818182,1.8189894035458565e-12,0.8333333333333334,0.8015873015873016,342329
5.454376697540283,0.004721641540527344,0.42372881355932207,1.8189894035458565e-12,0.6071428571428571,0.7936507936507936,342329
5.400784015655518,0.004234790802001953,0.5211267605633804,1.8189894035458565e-12,0.4642857142857143,0.8015873015873016,342329
5.159576654434204,0.00683140754699707,0.24444444444445437,1.8189894035458565e-12,0.7738095238095238,0.7936507936507936,342329
5.6418750286102295,0.005558013916015625,0.34615384615384615,1.8189894035458565e-12,0.6904761904761905,0.7936507936507936,342329
4.889369964599609,0.007109880447387695,0.4603174603176093,1.8189894035458565e-12,0.5595238095238095,0.7936507936507936,342329
5.269186019897461,0.006612062454223633,0.19047619047652092,1.8189894035458565e-12,0.8095238095238095,0.7936507936507936,342329
5.1373207569122314,0.0068874359130859375,0.48484848484848486,1.8189894035458565e-12,0.5238095238095238,0.7936507936507936,342329
5.0919272899627686,0.00935506820678711,0.17391304347826086,1.8189894035458565e-12,0.8571428571428571,0.8015873015873016,342329
5.331533670425415,0.0072021484375,0.49253731343312473,1.8189894035458565e-12,0.5119047619047619,0.8015873015873016,342329
5.170185804367065,0.005974769592285156,0.4137931034482764,1.8189894035458565e-12,0.6190476190476191,0.8015873015873016,342329
5.189631462097168,0.0060062408447265625,0.3584905660377358,1.8189894035458565e-12,0.6785714285714286,0.7936507936507936,342329
5.34744119644165,0.006950855255126953,0.3333333333333333,1.8189894035458565e-12,0.7023809523809523,0.7936507936507936,342329
4.457782506942749,0.007714271545410156,0.21276595744680848,1.8189894035458565e-12,0.8214285714285714,0.8015873015873016,278135
5.663388013839722,0.005297422409057617,0.4181818181818184,1.8189894035458565e-12,0.6071428571428571,0.7936507936507936,278135
5.835759878158569,0.006398677825927734,0.43859649122807015,1.8189894035458565e-12,0.5833333333333334,0.7936507936507936,278135
5.533881902694702,0.0065746307373046875,0.19607843137254902,1.8189894035458565e-12,0.8690476190476191,0.8015873015873016,278135
5.664510726928711,0.00579380989074707,0.43859649122807015,1.8189894035458565e-12,0.5833333333333334,0.8015873015873016,278135
5.920358180999756,0.006455183029174805,0.43859649122807015,1.8189894035458565e-12,0.5833333333333334,0.7936507936507936,278135
5.8876965045928955,0.005597352981567383,0.39622641509434925,1.8189894035458565e-12,0.6309523809523809,0.8015873015873016,278135
5.793046236038208,0.006250143051147461,0.45762711864437056,1.8189894035458565e-12,0.5595238095238095,0.8015873015873016,278135
5.902552366256714,0.005779266357421875,0.5616438356164384,1.8189894035458565e-12,0.39285714285714285,0.8015873015873016,278135
5.691279888153076,0.005780935287475586,0.39622641509434925,1.8189894035458565e-12,0.6309523809523809,0.8015873015873016,278135
5.71071457862854,0.006591320037841797,0.19607843137254902,1.8189894035458565e-12,0.8690476190476191,0.7936507936507936,278135
5.744038105010986,0.005616426467895508,0.5555555555555556,1.8189894035458565e-12,0.40476190476190477,0.8015873015873016,278135
5.405144214630127,0.007005214691162109,0.4920634920639328,1.8189894035458565e-12,0.5119047619047619,0.8015873015873016,278135
5.848843812942505,0.005797147750854492,0.35999999999986587,1.8189894035458565e-12,0.6666666666666666,0.7936507936507936,278135
5.5974791049957275,0.006432771682739258,0.27272727272727365,1.8189894035458565e-12,0.7380952380952381,0.8015873015873016,278135
5.407184362411499,0.004420042037963867,0.19607843137254902,1.8189894035458565e-12,0.8690476190476191,0.8015873015873016,278135
5.402334213256836,0.0043201446533203125,0.2040816326530612,1.8189894035458565e-12,0.8452380952380952,0.8015873015873016,278135
5.3977227210998535,0.00474095344543457,0.44827586206896547,1.8189894035458565e-12,0.5714285714285714,0.7936507936507936,278135
5.37560248374939,0.004511356353759766,0.5362318840579711,1.8189894035458565e-12,0.44047619047619047,0.7936507936507936,278135
5.378888368606567,0.0046765804290771484,0.25581395348837616,1.8189894035458565e-12,0.75,0.8015873015873016,278135
5.433525085449219,0.004848003387451172,0.21739130434782608,1.8189894035458565e-12,0.8095238095238095,0.7936507936507936,278135
5.459416627883911,0.004856586456298828,0.4181818181818184,1.8189894035458565e-12,0.6071428571428571,0.8015873015873016,278135
4.9994401931762695,0.006130218505859375,0.1923076923076923,1.8189894035458565e-12,0.8809523809523809,0.8015873015873016,278135
5.269512176513672,0.006715059280395508,0.45762711864437056,1.8189894035458565e-12,0.5595238095238095,0.8015873015873016,278135
4.76339864730835,0.0071964263916015625,0.20833333333333334,1.8189894035458565e-12,0.8333333333333334,0.7936507936507936,278135
4.566965579986572,0.00785064697265625,0.384615384615434,1.8189894035458565e-12,0.6428571428571429,0.7936507936507936,278135
5.155134201049805,0.007036685943603516,0.4181818181818184,1.8189894035458565e-12,0.6071428571428571,0.7936507936507936,278135
5.353699684143066,0.005726814270019531,0.5492957746478874,1.8189894035458565e-12,0.4166666666666667,0.8015873015873016,278135
4.7210352420806885,0.0071070194244384766,0.407407407407409,1.8189894035458565e-12,0.6190476190476191,0.8015873015873016,278135
5.042152643203735,0.0088043212890625,0.20833333333333334,1.8189894035458565e-12,0.8333333333333334,0.7936507936507936,937904
5.517827749252319,0.0063784122467041016,0.4666666666666888,1.8189894035458565e-12,0.5476190476190477,0.8015873015873016,937904
5.252209186553955,0.008556127548217773,0.45762711864437056,1.8189894035458565e-12,0.5595238095238095,0.8015873015873016,937904
5.212088346481323,0.0077762603759765625,0.3191489361702128,1.8189894035458565e-12,0.7023809523809523,0.7936507936507936,937904
5.823530197143555,0.006361961364746094,0.43859649122807015,1.8189894035458565e-12,0.5833333333333334,0.8015873015873016,937904
5.718891859054565,0.0065648555755615234,0.25581395348837616,1.8189894035458565e-12,0.75,0.7936507936507936,937904
5.456116199493408,0.006593942642211914,0.5147058823529411,1.8189894035458565e-12,0.47619047619047616,0.8015873015873016,937904
5.692508935928345,0.005975008010864258,0.25581395348837616,1.8189894035458565e-12,0.75,0.8015873015873016,937904
5.587219476699829,0.007200717926025391,0.5223880597014925,1.8189894035458565e-12,0.4642857142857143,0.8015873015873016,937904
5.715683460235596,0.006697654724121094,0.39622641509434925,1.8189894035458565e-12,0.6309523809523809,0.7936507936507936,937904
5.959422826766968,0.0069732666015625,0.45762711864437056,1.8189894035458565e-12,0.5595238095238095,0.8015873015873016,937904
4.527934551239014,0.007445573806762695,0.5492957746478874,1.8189894035458565e-12,0.4166666666666667,0.7936507936507936,937904
4.769932508468628,0.009794473648071289,0.28888888888888914,1.8189894035458565e-12,0.7261904761904762,0.7936507936507936,937904
5.513075590133667,0.0045909881591796875,0.3043478260869566,1.8189894035458565e-12,0.7142857142857143,0.8015873015873016,937904
5.457245826721191,0.004537343978881836,0.44827586206896547,1.8189894035458565e-12,0.5714285714285714,0.8015873015873016,937904
5.4842071533203125,0.0041997432708740234,0.48387096774193544,1.8189894035458565e-12,0.5238095238095238,0.8015873015873016,937904
5.514662027359009,0.004311561584472656,0.21739130434782608,1.8189894035458565e-12,0.8095238095238095,0.8015873015873016,937904
5.528584241867065,0.004580020904541016,0.44827586206896547,1.8189894035458565e-12,0.5714285714285714,0.7936507936507936,937904
5.47076416015625,0.004858970642089844,0.45762711864437056,1.8189894035458565e-12,0.5595238095238095,0.7936507936507936,937904
5.43928599357605,0.00413823127746582,0.5,1.8189894035458565e-12,0.5,0.7936507936507936,937904
5.344656705856323,0.004309415817260742,0.43859649122807015,1.8189894035458565e-12,0.5833333333333334,0.8015873015873016,937904
5.560100317001343,0.005286216735839844,0.4285714285714286,1.8189894035458565e-12,0.5952380952380952,0.7936507936507936,937904
5.2286765575408936,0.006603717803955078,0.384615384615434,1.8189894035458565e-12,0.6428571428571429,0.8015873015873016,937904
5.33510947227478,0.006472110748291016,0.47540983606557446,1.8189894035458565e-12,0.5357142857142857,0.8015873015873016,937904
5.038203954696655,0.0073299407958984375,0.407407407407409,1.8189894035458565e-12,0.6190476190476191,0.8015873015873016,937904
5.3365161418914795,0.00732421875,0.3333333333333333,1.8189894035458565e-12,0.6904761904761905,0.7936507936507936,937904
5.146874666213989,0.009411811828613281,0.35999999999986587,1.8189894035458565e-12,0.6666666666666666,0.7936507936507936,937904
5.231225490570068,0.006145477294921875,0.4285714285714286,1.8189894035458565e-12,0.5952380952380952,0.7936507936507936,937904
5.13779878616333,0.006533622741699219,0.5285714285714286,1.8189894035458565e-12,0.4523809523809524,0.7936507936507936,937904
4.699379920959473,0.008358001708984375,0.3023255813953489,1.8189894035458565e-12,0.7023809523809523,0.8015873015873016,151985
5.40854549407959,0.006635427474975586,0.28260869565217395,1.8189894035458565e-12,0.7380952380952381,0.8015873015873016,151985
5.304840326309204,0.0062558650970458984,0.2765957446808511,1.8189894035458565e-12,0.75,0.8015873015873016,151985
5.383622407913208,0.0062487125396728516,0.4912280701753135,1.8189894035458565e-12,0.5119047619047619,0.8015873015873016,151985
5.4980854988098145,0.006253719329833984,0.2765957446808511,1.8189894035458565e-12,0.75,0.7936507936507936,151985
5.4471166133880615,0.006075859069824219,0.3023255813953489,1.8189894035458565e-12,0.7023809523809523,0.8015873015873016,151985
5.464897394180298,0.005742549896240234,0.4081632653061238,1.8189894035458565e-12,0.6071428571428571,0.7936507936507936,151985
5.72217059135437,0.006048440933227539,0.2888888888888889,1.8189894035458565e-12,0.7261904761904762,0.8015873015873016,151985
5.750554084777832,0.005693674087524414,0.25490196078431376,1.8189894035458565e-12,0.7976190476190477,0.7936507936507936,151985
5.674756765365601,0.006533145904541016,0.4629629629630333,1.8189894035458565e-12,0.5476190476190477,0.8015873015873016,151985
4.692468166351318,0.007043600082397461,0.47272727272727516,1.8189894035458565e-12,0.5357142857142857,0.7936507936507936,151985
4.977320671081543,0.0061037540435791016,0.24074074074074076,1.8189894035458565e-12,0.8333333333333334,0.8015873015873016,151985
4.836118459701538,0.008302450180053711,0.3023255813953489,1.8189894035458565e-12,0.7023809523809523,0.7936507936507936,151985
4.915704011917114,0.006885528564453125,0.24528301886792456,1.8189894035458565e-12,0.8214285714285714,0.8015873015873016,151985
5.181907653808594,0.00600433349609375,0.44230769230769224,1.8189894035458565e-12,0.5714285714285714,0.8015873015873016,151985
4.839683532714844,0.00802922248840332,0.2765957446808511,1.8189894035458565e-12,0.75,0.7936507936507936,151985
5.350092172622681,0.004462003707885742,0.3095238095238096,1.8189894035458565e-12,0.6904761904761905,0.7936507936507936,151985
5.384577751159668,0.004539012908935547,0.3958333333333436,1.8189894035458565e-12,0.6190476190476191,0.8015873015873016,151985
5.1474010944366455,0.004393577575683594,0.24528301886792456,1.8189894035458565e-12,0.8214285714285714,0.7936507936507936,151985
5.305251359939575,0.004638671875,0.44230769230769224,1.8189894035458565e-12,0.5714285714285714,0.8015873015873016,151985
5.413465261459351,0.004923820495605469,0.5245901639344263,1.8189894035458565e-12,0.4642857142857143,0.8015873015873016,151985
5.342306137084961,0.0051784515380859375,0.28260869565217395,1.8189894035458565e-12,0.7380952380952381,0.8015873015873016,151985
5.370167016983032,0.00561833381652832,0.3023255813953489,1.8189894035458565e-12,0.7023809523809523,0.8015873015873016,151985
5.25514554977417,0.005759716033935547,0.25,1.8189894035458565e-12,0.8095238095238095,0.8015873015873016,151985
5.370643138885498,0.006063699722290039,0.3409090909090909,1.8189894035458565e-12,0.6666666666666666,0.7936507936507936,151985
5.34100079536438,0.005827903747558594,0.2888888888888889,1.8189894035458565e-12,0.7261904761904762,0.8015873015873016,151985
5.192401885986328,0.006217002868652344,0.4528301886792006,1.8189894035458565e-12,0.5595238095238095,0.7936507936507936,151985
5.502071380615234,0.005493879318237305,0.3829787234043165,1.8189894035458565e-12,0.6309523809523809,0.7936507936507936,151985
5.399896144866943,0.006331682205200195,0.3829787234043165,1.8189894035458565e-12,0.6309523809523809,0.8015873015873016,151985
5.853928804397583,0.010844707489013672,0.27272727272727365,1.8189894035458565e-12,0.7380952380952381,0.7936507936507936,918136
5.762078046798706,0.008393287658691406,0.43859649122807015,1.8189894035458565e-12,0.5833333333333334,0.7936507936507936,918136
5.651565790176392,0.005776643753051758,0.3043478260869566,1.8189894035458565e-12,0.7142857142857143,0.8015873015873016,918136
5.324000120162964,0.006552219390869141,0.5555555555555556,1.8189894035458565e-12,0.40476190476190477,0.8015873015873016,918136
6.13660740852356,0.0071413516998291016,0.45762711864437056,1.8189894035458565e-12,0.5595238095238095,0.7936507936507936,918136
5.988910675048828,0.005913972854614258,0.28888888888888914,1.8189894035458565e-12,0.7261904761904762,0.8015873015873016,918136
6.038539886474609,0.005913972854614258,0.45762711864437056,1.8189894035458565e-12,0.5595238095238095,0.7936507936507936,918136
6.190940856933594,0.00719904899597168,0.384615384615434,1.8189894035458565e-12,0.6428571428571429,0.8015873015873016,918136
5.681061744689941,0.0073163509368896484,0.2040816326530612,1.8189894035458565e-12,0.8452380952380952,0.8015873015873016,918136
4.8558971881866455,0.006974458694458008,0.47540983606557446,1.8189894035458565e-12,0.5357142857142857,0.7936507936507936,918136
4.989008665084839,0.006219387054443359,0.4285714285714286,1.8189894035458565e-12,0.5952380952380952,0.8015873015873016,918136
4.890789747238159,0.007570028305053711,0.19607843137254902,1.8189894035458565e-12,0.8690476190476191,0.8015873015873016,918136
4.7476232051849365,0.009085655212402344,0.3725490196080626,1.8189894035458565e-12,0.6547619047619048,0.8015873015873016,918136
5.027553558349609,0.007305622100830078,0.19999999999999998,1.8189894035458565e-12,0.8571428571428571,0.7936507936507936,918136
4.629208087921143,0.01621103286743164,0.4666666666666888,1.8189894035458565e-12,0.5476190476190477,0.7936507936507936,918136
4.898556470870972,0.005794048309326172,0.5428571428571428,1.8189894035458565e-12,0.42857142857142855,0.8015873015873016,918136
5.543480396270752,0.00501704216003418,0.21739130434782608,1.8189894035458565e-12,0.8095238095238095,0.8015873015873016,918136
5.501384496688843,0.004598855972290039,0.2325581395348837,1.8189894035458565e-12,0.7738095238095238,0.7936507936507936,918136
5.368710041046143,0.004731178283691406,0.21276595744680848,1.8189894035458565e-12,0.8214285714285714,0.8015873015873016,918136
5.415956020355225,0.0046539306640625,0.22727272727272727,1.8189894035458565e-12,0.7857142857142857,0.7936507936507936,918136
5.253418684005737,0.005278348922729492,0.5294117647058824,1.8189894035458565e-12,0.4523809523809524,0.7936507936507936,918136
5.359681606292725,0.00504612922668457,0.3043478260869566,1.8189894035458565e-12,0.7142857142857143,0.7936507936507936,918136
5.086598873138428,0.006064414978027344,0.4285714285714286,1.8189894035458565e-12,0.5952380952380952,0.8015873015873016,918136
5.144688844680786,0.00591731071472168,0.22222222222222218,1.8189894035458565e-12,0.7976190476190477,0.8015873015873016,918136
5.440000295639038,0.005908489227294922,0.22727272727272727,1.8189894035458565e-12,0.7857142857142857,0.8015873015873016,918136
5.774988889694214,0.0053691864013671875,0.28888888888888914,1.8189894035458565e-12,0.7261904761904762,0.7936507936507936,918136
5.428177833557129,0.00590062141418457,0.4285714285714286,1.8189894035458565e-12,0.5952380952380952,0.8015873015873016,918136
5.43432092666626,0.005462169647216797,0.4181818181818184,1.8189894035458565e-12,0.6071428571428571,0.8015873015873016,918136
5.484776020050049,0.00588226318359375,0.4666666666666888,1.8189894035458565e-12,0.5476190476190477,0.8015873015873016,918136
5.449874401092529,0.006982326507568359,0.3653846153851055,1.8189894035458565e-12,0.6666666666666666,0.7936507936507936,395129
5.702111721038818,0.005637168884277344,0.18,1.8189894035458565e-12,0.8809523809523809,0.8015873015873016,395129
5.8722851276397705,0.005922555923461914,0.1764705882352941,1.8189894035458565e-12,0.8928571428571429,0.8015873015873016,395129
5.56581711769104,0.007394313812255859,0.1764705882352941,1.8189894035458565e-12,0.8928571428571429,0.8015873015873016,395129
5.520689010620117,0.006082773208618164,0.18367346938775508,1.8189894035458565e-12,0.8690476190476191,0.7936507936507936,395129
4.8574724197387695,0.0053746700286865234,0.19565217391304346,1.8189894035458565e-12,0.8333333333333334,0.7936507936507936,395129
4.560551404953003,0.0074253082275390625,0.19999999999999998,1.8189894035458565e-12,0.8214285714285714,0.7936507936507936,395129
4.699436902999878,0.00741267204284668,0.1875,1.8189894035458565e-12,0.8571428571428571,0.8015873015873016,395129
4.8186609745025635,0.012346029281616211,0.2826086956521744,1.8189894035458565e-12,0.7380952380952381,0.8015873015873016,395129
4.455876350402832,0.007204532623291016,0.297872340425532,1.8189894035458565e-12,0.7261904761904762,0.8015873015873016,395129
4.886444807052612,0.0077838897705078125,0.18,1.8189894035458565e-12,0.8809523809523809,0.8015873015873016,395129
4.8593456745147705,0.006848573684692383,0.2826086956521744,1.8189894035458565e-12,0.7380952380952381,0.8015873015873016,395129
4.816720008850098,0.006403684616088867,0.2500000000000064,1.8189894035458565e-12,0.7619047619047619,0.7936507936507936,395129
4.828402042388916,0.006282806396484375,0.19999999999999998,1.8189894035458565e-12,0.8214285714285714,0.8015873015873016,395129
5.291186809539795,0.00499415397644043,0.19148936170212766,1.8189894035458565e-12,0.8452380952380952,0.8015873015873016,395129
5.085458278656006,0.0046558380126953125,0.23255813953490714,1.8189894035458565e-12,0.7738095238095238,0.7936507936507936,395129
5.310986757278442,0.004590034484863281,0.1764705882352941,1.8189894035458565e-12,0.8928571428571429,0.7936507936507936,395129
5.245043992996216,0.004698753356933594,0.32653061224489793,1.8189894035458565e-12,0.7023809523809523,0.7936507936507936,395129
5.300791263580322,0.004736900329589844,0.34,1.8189894035458565e-12,0.6904761904761905,0.8015873015873016,395129
5.215648412704468,0.004893302917480469,0.17391304347826086,1.8189894035458565e-12,0.8571428571428571,0.7936507936507936,395129
5.015341520309448,0.005933284759521484,0.2500000000000064,1.8189894035458565e-12,0.7619047619047619,0.7936507936507936,395129
5.216603994369507,0.004740715026855469,0.26666666666666833,1.8189894035458565e-12,0.75,0.7936507936507936,395129
5.440345525741577,0.006081342697143555,0.2093023255815037,1.8189894035458565e-12,0.8095238095238095,0.8015873015873016,395129
5.047873497009277,0.007230281829833984,0.3125,1.8189894035458565e-12,0.7142857142857143,0.7936507936507936,395129
5.121052980422974,0.005197286605834961,0.18367346938775508,1.8189894035458565e-12,0.8690476190476191,0.7936507936507936,395129
5.181257963180542,0.006071329116821289,0.26666666666666833,1.8189894035458565e-12,0.75,0.8015873015873016,395129
5.225855112075806,0.005861520767211914,0.23255813953490714,1.8189894035458565e-12,0.7738095238095238,0.7936507936507936,395129
5.152050256729126,0.005690097808837891,0.1875,1.8189894035458565e-12,0.8690476190476191,0.8015873015873016,395129
5.181395769119263,0.006082773208618164,0.1764705882352941,1.8189894035458565e-12,0.8928571428571429,0.7936507936507936,395129
5.851971626281738,0.005828380584716797,0.4318181818181818,1.8189894035458565e-12,0.5714285714285714,0.7936507936507936,561993
5.479559898376465,0.006002187728881836,0.33999999999999997,1.8189894035458565e-12,0.6904761904761905,0.7936507936507936,561993
5.779741287231445,0.005411386489868164,0.3090909090909091,1.8189894035458565e-12,0.75,0.8015873015873016,561993
5.847220420837402,0.004675626754760742,0.39534883720930225,1.8189894035458565e-12,0.6071428571428571,0.8015873015873016,561993
5.754304647445679,0.0058362483978271484,0.39534883720930225,1.8189894035458565e-12,0.6071428571428571,0.8015873015873016,561993
5.901073455810547,0.004964590072631836,0.37777777777777777,1.8189894035458565e-12,0.6309523809523809,0.7936507936507936,561993
5.605271577835083,0.005896806716918945,0.489795918367347,1.8189894035458565e-12,0.5119047619047619,0.8015873015873016,561993
5.844285011291504,0.005602598190307617,0.3617021276595745,1.8189894035458565e-12,0.6547619047619048,0.7936507936507936,561993
5.637949705123901,0.00574803352355957,0.4791666666666668,1.8189894035458565e-12,0.5238095238095238,0.8015873015873016,561993
5.691044807434082,0.0059359073638916016,0.489795918367347,1.8189894035458565e-12,0.5119047619047619,0.7936507936507936,561993
5.691370248794556,0.005936384201049805,0.3333333333333333,1.8189894035458565e-12,0.7023809523809523,0.8015873015873016,561993
6.070731163024902,0.005056142807006836,0.5192307692307693,1.8189894035458565e-12,0.47619047619047616,0.7936507936507936,561993
6.07521653175354,0.004892110824584961,0.3695652173913044,1.8189894035458565e-12,0.6428571428571429,0.7936507936507936,561993
5.163551568984985,0.007491588592529297,0.3090909090909091,1.8189894035458565e-12,0.75,0.8015873015873016,561993
4.983468294143677,0.006445169448852539,0.3333333333333333,1.8189894035458565e-12,0.7023809523809523,0.7936507936507936,561993
4.914412021636963,0.006960153579711914,0.45652173913083427,1.8189894035458565e-12,0.5476190476190477,0.7936507936507936,561993
4.9313881397247314,0.007493734359741211,0.3090909090909091,1.8189894035458565e-12,0.75,0.7936507936507936,561993
4.862650394439697,0.012888431549072266,0.5283018867924528,1.8189894035458565e-12,0.4642857142857143,0.7936507936507936,561993
5.173501968383789,0.006805896759033203,0.5098039215686274,1.8189894035458565e-12,0.4880952380952381,0.8015873015873016,561993
5.3879475593566895,0.004635334014892578,0.3541666666666667,1.8189894035458565e-12,0.6666666666666666,0.8015873015873016,561993
5.41878604888916,0.004369258880615234,0.5370370370370371,1.8189894035458565e-12,0.4523809523809524,0.7936507936507936,561993
5.505590915679932,0.004818916320800781,0.46808510638299244,1.8189894035458565e-12,0.5357142857142857,0.8015873015873016,561993
5.302044868469238,0.0065593719482421875,0.4444444444444445,1.8189894035458565e-12,0.5595238095238095,0.7936507936507936,561993
5.456539869308472,0.0059320926666259766,0.46808510638299244,1.8189894035458565e-12,0.5357142857142857,0.7936507936507936,561993
5.289976119995117,0.0058803558349609375,0.3090909090909091,1.8189894035458565e-12,0.75,0.7936507936507936,561993
5.296942710876465,0.006658315658569336,0.41860465116279094,1.8189894035458565e-12,0.5833333333333334,0.8015873015873016,561993
5.360252618789673,0.005907535552978516,0.5192307692307693,1.8189894035458565e-12,0.47619047619047616,0.8015873015873016,561993
5.382081747055054,0.0057582855224609375,0.3090909090909091,1.8189894035458565e-12,0.75,0.7936507936507936,561993
5.262024402618408,0.007132530212402344,0.3148148148148148,1.8189894035458565e-12,0.7380952380952381,0.7936507936507936,561993
5.112098693847656,0.009546279907226562,0.27906976744186046,1.8189894035458565e-12,0.7261904761904762,0.8015873015873016,998757
5.197921991348267,0.007849693298339844,0.3750000000001645,1.8189894035458565e-12,0.6428571428571429,0.8015873015873016,998757
5.810462713241577,0.0068340301513671875,0.45454545454509776,1.8189894035458565e-12,0.5595238095238095,0.8015873015873016,998757
5.579426527023315,0.0055065155029296875,0.22641509433962262,1.8189894035458565e-12,0.8452380952380952,0.7936507936507936,998757
5.776120901107788,0.00649571418762207,0.3333333333333333,1.8189894035458565e-12,0.6785714285714286,0.8015873015873016,998757
5.660572052001953,0.006268739700317383,0.5454545454545454,1.8189894035458565e-12,0.42857142857142855,0.7936507936507936,998757
5.672963380813599,0.0058248043060302734,0.4117647058823537,1.8189894035458565e-12,0.6071428571428571,0.7936507936507936,998757
5.6421959400177,0.0059239864349365234,0.4642857142857615,1.8189894035458565e-12,0.5476190476190477,0.7936507936507936,998757
5.981901407241821,0.006160259246826172,0.5384615384615384,1.8189894035458565e-12,0.44047619047619047,0.8015873015873016,998757
5.741969108581543,0.0063593387603759766,0.3750000000001645,1.8189894035458565e-12,0.6428571428571429,0.7936507936507936,998757
4.994883298873901,0.006739377975463867,0.2222222222222222,1.8189894035458565e-12,0.8571428571428571,0.7936507936507936,998757
4.8350608348846436,0.0076024532318115234,0.2553191489361702,1.8189894035458565e-12,0.7738095238095238,0.7936507936507936,998757
4.826954126358032,0.0058231353759765625,0.5161290322580645,1.8189894035458565e-12,0.47619047619047616,0.7936507936507936,998757
5.052191257476807,0.00666499137878418,0.44444444444444453,1.8189894035458565e-12,0.5595238095238095,0.8015873015873016,998757
5.121289253234863,0.00621485710144043,0.34782608695652173,1.8189894035458565e-12,0.6666666666666666,0.8015873015873016,998757
5.258852481842041,0.005126476287841797,0.27272727272727276,1.8189894035458565e-12,0.7380952380952381,0.7936507936507936,998757
5.37890887260437,0.0047397613525390625,0.2222222222222222,1.8189894035458565e-12,0.8571428571428571,0.8015873015873016,998757
5.357197284698486,0.0048503875732421875,0.285714285714286,1.8189894035458565e-12,0.7142857142857143,0.8015873015873016,998757
5.3820641040802,0.004882335662841797,0.44444444444444453,1.8189894035458565e-12,0.5714285714285714,0.7936507936507936,998757
5.492056846618652,0.004804849624633789,0.27272727272727276,1.8189894035458565e-12,0.7380952380952381,0.7936507936507936,998757
5.403701066970825,0.004531145095825195,0.24,1.8189894035458565e-12,0.8095238095238095,0.7936507936507936,998757
5.460079193115234,0.004645109176635742,0.34782608695652173,1.8189894035458565e-12,0.6666666666666666,0.7936507936507936,998757
5.140228033065796,0.006802797317504883,0.22641509433962262,1.8189894035458565e-12,0.8452380952380952,0.8015873015873016,998757
5.142226219177246,0.006425142288208008,0.44444444444444453,1.8189894035458565e-12,0.5714285714285714,0.7936507936507936,998757
5.285441875457764,0.005627632141113281,0.27272727272727276,1.8189894035458565e-12,0.7380952380952381,0.8015873015873016,998757
5.4937903881073,0.005829334259033203,0.4827586206896552,1.8189894035458565e-12,0.5238095238095238,0.8015873015873016,998757
5.045110464096069,0.006100893020629883,0.36170212765929993,1.8189894035458565e-12,0.6547619047619048,0.8015873015873016,998757
5.101333379745483,0.005613803863525391,0.38775510204084873,1.8189894035458565e-12,0.6309523809523809,0.8015873015873016,998757
5.220796585083008,0.006752967834472656,0.4827586206896552,1.8189894035458565e-12,0.5238095238095238,0.8015873015873016,998757
4.946362495422363,0.006715536117553711,0.2545454545454545,1.8189894035458565e-12,0.8214285714285714,0.7936507936507936,863985
5.6204514503479,0.005061149597167969,0.25925925925925924,1.8189894035458565e-12,0.8095238095238095,0.7936507936507936,863985
5.4320619106292725,0.007039785385131836,0.41666666666666696,1.8189894035458565e-12,0.5952380952380952,0.8015873015873016,863985
5.517333030700684,0.00654911994934082,0.2777777777777778,1.8189894035458565e-12,0.7857142857142857,0.7936507936507936,863985
5.664887189865112,0.005297422409057617,0.2692307692307692,1.8189894035458565e-12,0.7857142857142857,0.8015873015873016,863985
5.497133255004883,0.0059661865234375,0.2727272727272727,1.8189894035458565e-12,0.7976190476190477,0.8015873015873016,863985
5.458612680435181,0.005749225616455078,0.3,1.8189894035458565e-12,0.7380952380952381,0.8015873015873016,863985
5.5904457569122314,0.005265712738037109,0.25925925925925924,1.8189894035458565e-12,0.8095238095238095,0.7936507936507936,863985
5.429061651229858,0.00591588020324707,0.25925925925925924,1.8189894035458565e-12,0.8095238095238095,0.8015873015873016,863985
5.816385269165039,0.00493168830871582,0.33333333333333337,1.8189894035458565e-12,0.6666666666666666,0.7936507936507936,863985
5.66749382019043,0.0047914981842041016,0.3111111111111111,1.8189894035458565e-12,0.7023809523809523,0.8015873015873016,863985
5.810586214065552,0.004672050476074219,0.26315789473684215,1.8189894035458565e-12,0.8214285714285714,0.7936507936507936,863985
5.787657737731934,0.004957675933837891,0.2692307692307692,1.8189894035458565e-12,0.7857142857142857,0.8015873015873016,863985
5.025892496109009,0.007172584533691406,0.25,1.8189894035458565e-12,0.8333333333333334,0.8015873015873016,863985
5.125065803527832,0.007726192474365234,0.3191489361702128,1.8189894035458565e-12,0.7023809523809523,0.8015873015873016,863985
4.926430940628052,0.007359027862548828,0.2978723404255319,1.8189894035458565e-12,0.7261904761904762,0.8015873015873016,863985
5.238887071609497,0.00646662712097168,0.26315789473684215,1.8189894035458565e-12,0.8214285714285714,0.8015873015873016,863985
5.079833745956421,0.007472991943359375,0.2884615384615385,1.8189894035458565e-12,0.7619047619047619,0.7936507936507936,863985
5.2060546875,0.005994081497192383,0.36363636363595503,1.8189894035458565e-12,0.6428571428571429,0.8015873015873016,863985
5.0858917236328125,0.007356882095336914,0.2727272727272727,1.8189894035458565e-12,0.7976190476190477,0.7936507936507936,863985
5.392752647399902,0.0049860477447509766,0.29411764705882354,1.8189894035458565e-12,0.75,0.7936507936507936,863985
5.117854356765747,0.003937482833862305,0.27999999999999997,1.8189894035458565e-12,0.7619047619047619,0.8015873015873016,863985
5.434837818145752,0.004584550857543945,0.2692307692307692,1.8189894035458565e-12,0.7857142857142857,0.7936507936507936,863985
5.376553535461426,0.004601478576660156,0.2830188679245283,1.8189894035458565e-12,0.7738095238095238,0.7936507936507936,863985
5.470871686935425,0.004786968231201172,0.3913043478261068,1.8189894035458565e-12,0.6190476190476191,0.8015873015873016,863985
5.360631704330444,0.004781961441040039,0.2777777777777778,1.8189894035458565e-12,0.7857142857142857,0.7936507936507936,863985
5.30982518196106,0.0059506893157958984,0.27450980392156865,1.8189894035458565e-12,0.7738095238095238,0.7936507936507936,863985
5.4032487869262695,0.004897594451904297,0.2777777777777778,1.8189894035458565e-12,0.7857142857142857,0.7936507936507936,863985
5.305210828781128,0.005818367004394531,0.34883720930232553,1.8189894035458565e-12,0.6547619047619048,0.8015873015873016,863985
5.202249765396118,0.006538867950439453,0.27272727272727365,1.8189894035458565e-12,0.7380952380952381,0.8015873015873016,180679
5.346577405929565,0.007238626480102539,0.25581395348837616,1.8189894035458565e-12,0.75,0.7936507936507936,180679
5.201819896697998,0.008202791213989258,0.3191489361702128,1.8189894035458565e-12,0.7023809523809523,0.7936507936507936,180679
5.488158464431763,0.00613093376159668,0.45762711864437056,1.8189894035458565e-12,0.5595238095238095,0.8015873015873016,180679
5.465813636779785,0.006430387496948242,0.27272727272727365,1.8189894035458565e-12,0.7380952380952381,0.8015873015873016,180679
5.230255126953125,0.008467912673950195,0.27272727272727365,1.8189894035458565e-12,0.7380952380952381,0.8015873015873016,180679
5.424506664276123,0.005938529968261719,0.407407407407409,1.8189894035458565e-12,0.6190476190476191,0.8015873015873016,180679
5.857954025268555,0.0057866573333740234,0.3333333333333333,1.8189894035458565e-12,0.6904761904761905,0.7936507936507936,180679
5.910877227783203,0.004963874816894531,0.21739130434782608,1.8189894035458565e-12,0.8095238095238095,0.8015873015873016,180679
5.784410715103149,0.006158590316772461,0.4666666666666888,1.8189894035458565e-12,0.5476190476190477,0.7936507936507936,180679
5.794198989868164,0.0054018497467041016,0.43859649122807015,1.8189894035458565e-12,0.5833333333333334,0.8015873015873016,180679
5.875181198120117,0.005404472351074219,0.19607843137254902,1.8189894035458565e-12,0.8690476190476191,0.7936507936507936,180679
5.647954225540161,0.005681276321411133,0.3191489361702128,1.8189894035458565e-12,0.7023809523809523,0.8015873015873016,180679
5.842987537384033,0.005283832550048828,0.19607843137254902,1.8189894035458565e-12,0.8690476190476191,0.7936507936507936,180679
5.802734613418579,0.00604248046875,0.44827586206896547,1.8189894035458565e-12,0.5714285714285714,0.7936507936507936,180679
5.080965280532837,0.010411739349365234,0.48387096774193544,1.8189894035458565e-12,0.5238095238095238,0.8015873015873016,180679
4.923771142959595,0.0068817138671875,0.22222222222222218,1.8189894035458565e-12,0.7976190476190477,0.7936507936507936,180679
5.257329702377319,0.0063440799713134766,0.28888888888888914,1.8189894035458565e-12,0.7261904761904762,0.7936507936507936,180679
5.496022462844849,0.004419088363647461,0.384615384615434,1.8189894035458565e-12,0.6428571428571429,0.7936507936507936,180679
5.596418380737305,0.004837989807128906,0.22222222222222218,1.8189894035458565e-12,0.7976190476190477,0.7936507936507936,180679
5.458825588226318,0.006398916244506836,0.407407407407409,1.8189894035458565e-12,0.6190476190476191,0.8015873015873016,180679
5.609634160995483,0.00488591194152832,0.25581395348837616,1.8189894035458565e-12,0.75,0.8015873015873016,180679
5.809979677200317,0.005791187286376953,0.25581395348837616,1.8189894035458565e-12,0.75,0.7936507936507936,180679
5.301135063171387,0.0064351558685302734,0.22222222222222218,1.8189894035458565e-12,0.7976190476190477,0.8015873015873016,180679
5.411372423171997,0.00570368766784668,0.28888888888888914,1.8189894035458565e-12,0.7261904761904762,0.7936507936507936,180679
5.368224620819092,0.006056308746337891,0.23809523809525393,1.8189894035458565e-12,0.7619047619047619,0.7936507936507936,180679
5.316003322601318,0.006436824798583984,0.4285714285714286,1.8189894035458565e-12,0.5952380952380952,0.8015873015873016,180679
5.44539213180542,0.005640983581542969,0.3725490196080626,1.8189894035458565e-12,0.6666666666666666,0.7936507936507936,180679
5.348278760910034,0.0059773921966552734,0.39622641509434925,1.8189894035458565e-12,0.6309523809523809,0.8015873015873016,180679
4.634021759033203,0.008498430252075195,0.26,1.8189894035458565e-12,0.7857142857142857,0.8015873015873016,336172
5.501701593399048,0.0072269439697265625,0.3023255813953489,1.8189894035458565e-12,0.7023809523809523,0.7936507936507936,336172
5.370231628417969,0.006082296371459961,0.26,1.8189894035458565e-12,0.7857142857142857,0.8015873015873016,336172
5.29008150100708,0.005925893783569336,0.4528301886792006,1.8189894035458565e-12,0.5595238095238095,0.8015873015873016,336172
5.269087314605713,0.006144046783447266,0.44230769230769224,1.8189894035458565e-12,0.5714285714285714,0.7936507936507936,336172
5.436734199523926,0.005927562713623047,0.3095238095238096,1.8189894035458565e-12,0.6904761904761905,0.7936507936507936,336172
5.439141511917114,0.006480693817138672,0.42000000000000015,1.8189894035458565e-12,0.5952380952380952,0.8015873015873016,336172
5.663329839706421,0.0055217742919921875,0.36956521739161313,1.8189894035458565e-12,0.6428571428571429,0.7936507936507936,336172
5.975690603256226,0.005625724792480469,0.3555555555555556,1.8189894035458565e-12,0.6547619047619048,0.8015873015873016,336172
5.831603050231934,0.005698442459106445,0.3555555555555556,1.8189894035458565e-12,0.6547619047619048,0.7936507936507936,336172
5.799491882324219,0.0056285858154296875,0.26,1.8189894035458565e-12,0.7857142857142857,0.7936507936507936,336172
5.074824810028076,0.006976127624511719,0.26,1.8189894035458565e-12,0.7857142857142857,0.7936507936507936,336172
4.901410818099976,0.0062487125396728516,0.3829787234043165,1.8189894035458565e-12,0.6309523809523809,0.7936507936507936,336172
4.595947980880737,0.008327007293701172,0.3023255813953489,1.8189894035458565e-12,0.7023809523809523,0.7936507936507936,336172
4.950263738632202,0.005954265594482422,0.3095238095238096,1.8189894035458565e-12,0.6904761904761905,0.8015873015873016,336172
4.973221302032471,0.006045103073120117,0.3829787234043165,1.8189894035458565e-12,0.6309523809523809,0.8015873015873016,336172
4.77864408493042,0.007471561431884766,0.29545454545454547,1.8189894035458565e-12,0.7142857142857143,0.8015873015873016,336172
5.484489917755127,0.004751682281494141,0.2888888888888889,1.8189894035458565e-12,0.7261904761904762,0.7936507936507936,336172
5.29808235168457,0.004638195037841797,0.43137254901960786,1.8189894035458565e-12,0.5833333333333334,0.7936507936507936,336172
5.437485218048096,0.004704475402832031,0.5245901639344263,1.8189894035458565e-12,0.4642857142857143,0.8015873015873016,336172
5.326447010040283,0.004484653472900391,0.2653061224489796,1.8189894035458565e-12,0.7738095238095238,0.7936507936507936,336172
5.380430221557617,0.005002021789550781,0.44230769230769224,1.8189894035458565e-12,0.5714285714285714,0.8015873015873016,336172
5.289167881011963,0.005732536315917969,0.2653061224489796,1.8189894035458565e-12,0.7738095238095238,0.7936507936507936,336172
5.230437278747559,0.005599021911621094,0.42000000000000015,1.8189894035458565e-12,0.5952380952380952,0.7936507936507936,336172
5.416805028915405,0.00559544563293457,0.26,1.8189894035458565e-12,0.7857142857142857,0.7936507936507936,336172
5.377338886260986,0.005512237548828125,0.47272727272727516,1.8189894035458565e-12,0.5357142857142857,0.8015873015873016,336172
5.340820789337158,0.0052623748779296875,0.36956521739161313,1.8189894035458565e-12,0.6428571428571429,0.8015873015873016,336172
5.279101133346558,0.005759716033935547,0.2888888888888889,1.8189894035458565e-12,0.7261904761904762,0.7936507936507936,336172
4.956812858581543,0.006714344024658203,0.3255813953488373,1.8189894035458565e-12,0.6785714285714286,0.7936507936507936,336172
4.999424457550049,0.008173227310180664,0.4242424242424243,1.8189894035458565e-12,0.6190476190476191,0.8015873015873016,556357
5.544527053833008,0.008087873458862305,0.2692307692307706,1.8189894035458565e-12,0.7857142857142857,0.7936507936507936,556357
5.794856786727905,0.006287336349487305,0.2692307692307706,1.8189894035458565e-12,0.7857142857142857,0.7936507936507936,556357
5.911481618881226,0.005135774612426758,0.5189873417721519,1.8189894035458565e-12,0.4642857142857143,0.7936507936507936,556357
5.710967540740967,0.00636601448059082,0.32142857142857145,1.8189894035458565e-12,0.7380952380952381,0.8015873015873016,556357
5.814565658569336,0.006707429885864258,0.22448979591840798,1.8189894035458565e-12,0.8214285714285714,0.7936507936507936,556357
5.620579719543457,0.006394386291503906,0.3666666666670929,1.8189894035458565e-12,0.6904761904761905,0.7936507936507936,556357
5.496629238128662,0.007600069046020508,0.24000000000001373,1.8189894035458565e-12,0.8095238095238095,0.7936507936507936,556357
5.609257936477661,0.0061833858489990234,0.0952380952380953,1.8189894035458565e-12,0.9047619047619048,0.8015873015873016,556357
5.784257650375366,0.00564265251159668,0.4794520547945207,1.8189894035458565e-12,0.5357142857142857,0.8015873015873016,556357
5.789069414138794,0.005101919174194336,0.49333333333346635,1.8189894035458565e-12,0.5119047619047619,0.7936507936507936,556357
5.493649482727051,0.006963968276977539,0.08695652173913043,1.8189894035458565e-12,0.9523809523809523,0.8015873015873016,556357
5.494592905044556,0.00736546516418457,0.32142857142857145,1.8189894035458565e-12,0.7380952380952381,0.8015873015873016,556357
5.310740232467651,0.007680177688598633,0.17391304347807487,1.8189894035458565e-12,0.8571428571428571,0.7936507936507936,556357
5.753260850906372,0.005914926528930664,0.3870967741935839,1.8189894035458565e-12,0.6666666666666666,0.7936507936507936,556357
5.548469543457031,0.0064601898193359375,0.4864864864864865,1.8189894035458565e-12,0.5238095238095238,0.7936507936507936,556357
6.0622475147247314,0.004993915557861328,0.4794520547945207,1.8189894035458565e-12,0.5357142857142857,0.7936507936507936,556357
5.662678480148315,0.0058596134185791016,0.4722222222222251,1.8189894035458565e-12,0.5476190476190477,0.8015873015873016,556357
6.059464931488037,0.005178928375244141,0.406250000000002,1.8189894035458565e-12,0.6428571428571429,0.8015873015873016,556357
5.999229431152344,0.0049288272857666016,0.17391304347807487,1.8189894035458565e-12,0.8571428571428571,0.8015873015873016,556357
6.04026198387146,0.005129575729370117,0.37704918032799745,1.8189894035458565e-12,0.6785714285714286,0.7936507936507936,556357
5.045654058456421,0.0066814422607421875,0.4864864864864865,1.8189894035458565e-12,0.5238095238095238,0.7936507936507936,556357
5.590091705322266,0.006949424743652344,0.37704918032799745,1.8189894035458565e-12,0.6785714285714286,0.7936507936507936,556357
5.45146107673645,0.007024526596069336,0.4328358208955224,1.8189894035458565e-12,0.6071428571428571,0.7936507936507936,556357
5.770951509475708,0.004868268966674805,0.30909090909090914,1.8189894035458565e-12,0.75,0.8015873015873016,556357
5.704566240310669,0.004755258560180664,0.2830188679245287,1.8189894035458565e-12,0.7738095238095238,0.8015873015873016,556357
5.795262098312378,0.005257844924926758,0.406250000000002,1.8189894035458565e-12,0.6428571428571429,0.8015873015873016,556357
5.406111717224121,0.0063686370849609375,0.35593220338983056,1.8189894035458565e-12,0.7023809523809523,0.8015873015873016,556357
5.673341751098633,0.004717111587524414,0.2692307692307706,1.8189894035458565e-12,0.7857142857142857,0.8015873015873016,556357
5.536139488220215,0.005647897720336914,0.4137931034482764,1.8189894035458565e-12,0.6190476190476191,0.8015873015873016,893198
5.451587438583374,0.005942583084106445,0.31999999999999995,1.8189894035458565e-12,0.7142857142857143,0.8015873015873016,893198
5.4461963176727295,0.007562875747680664,0.18604651162790697,1.8189894035458565e-12,0.8214285714285714,0.7936507936507936,893198
5.4087913036346436,0.0059413909912109375,0.24444444444445437,1.8189894035458565e-12,0.7738095238095238,0.7936507936507936,893198
5.8683812618255615,0.006020307540893555,0.3928571428571587,1.8189894035458565e-12,0.6428571428571429,0.8015873015873016,893198
5.334394216537476,0.006359577178955078,0.3928571428571587,1.8189894035458565e-12,0.6428571428571429,0.8015873015873016,893198
5.622609615325928,0.005580425262451172,0.4687500000000108,1.8189894035458565e-12,0.5476190476190477,0.7936507936507936,893198
5.459547281265259,0.0053141117095947266,0.4516129032258064,1.8189894035458565e-12,0.5714285714285714,0.7936507936507936,893198
5.7705323696136475,0.006363868713378906,0.4687500000000108,1.8189894035458565e-12,0.5476190476190477,0.7936507936507936,893198
5.652908802032471,0.0057489871978759766,0.5072463768115941,1.8189894035458565e-12,0.4880952380952381,0.8015873015873016,893198
5.874262809753418,0.005778789520263672,0.2765957446808518,1.8189894035458565e-12,0.75,0.7936507936507936,893198
5.716833114624023,0.005634784698486328,0.37037037037065224,1.8189894035458565e-12,0.6666666666666666,0.7936507936507936,893198
5.7064385414123535,0.005194425582885742,0.4603174603176093,1.8189894035458565e-12,0.5595238095238095,0.7936507936507936,893198
5.121159791946411,0.006872653961181641,0.29166666666666685,1.8189894035458565e-12,0.7380952380952381,0.8015873015873016,893198
4.900839805603027,0.007215976715087891,0.4137931034482764,1.8189894035458565e-12,0.6190476190476191,0.7936507936507936,893198
4.990399360656738,0.006835222244262695,0.44262295081967207,1.8189894035458565e-12,0.5833333333333334,0.8015873015873016,893198
4.986724615097046,0.011629581451416016,0.17021276595744683,1.8189894035458565e-12,0.8690476190476191,0.7936507936507936,893198
5.76297664642334,0.004790782928466797,0.5211267605633804,1.8189894035458565e-12,0.4642857142857143,0.8015873015873016,893198
5.23541259765625,0.004620075225830078,0.5142857142857142,1.8189894035458565e-12,0.47619047619047616,0.7936507936507936,893198
5.483533620834351,0.004304409027099609,0.48484848484848486,1.8189894035458565e-12,0.5238095238095238,0.7936507936507936,893198
5.470573902130127,0.004780292510986328,0.22727272727276096,1.8189894035458565e-12,0.7857142857142857,0.7936507936507936,893198
5.4393556118011475,0.004477977752685547,0.5,1.8189894035458565e-12,0.5,0.7936507936507936,893198
5.554663896560669,0.005362033843994141,0.48484848484848486,1.8189894035458565e-12,0.5238095238095238,0.7936507936507936,893198
4.776803970336914,0.00994253158569336,0.4137931034482764,1.8189894035458565e-12,0.6190476190476191,0.7936507936507936,893198
5.319106340408325,0.006265401840209961,0.17777777777777778,1.8189894035458565e-12,0.8452380952380952,0.7936507936507936,893198
5.1272454261779785,0.006681919097900391,0.3928571428571587,1.8189894035458565e-12,0.6428571428571429,0.7936507936507936,893198
5.222717046737671,0.007471799850463867,0.42372881355932207,1.8189894035458565e-12,0.6071428571428571,0.7936507936507936,893198
5.264899015426636,0.00632166862487793,0.3584905660377358,1.8189894035458565e-12,0.6785714285714286,0.8015873015873016,893198
5.300604581832886,0.0062313079833984375,0.44262295081967207,1.8189894035458565e-12,0.5833333333333334,0.8015873015873016,893198
4.526033639907837,0.00769495964050293,0.3846153846153846,1.8189894035458565e-12,0.6428571428571429,0.7936507936507936,207696
5.5793561935424805,0.005328655242919922,0.4545454545454546,1.8189894035458565e-12,0.5476190476190477,0.7936507936507936,207696
5.552164554595947,0.005923032760620117,0.5,1.8189894035458565e-12,0.5,0.7936507936507936,207696
5.600948333740234,0.0052607059478759766,0.39999999999999997,1.8189894035458565e-12,0.6190476190476191,0.7936507936507936,207696
5.234870433807373,0.006591081619262695,0.3636363636363636,1.8189894035458565e-12,0.6785714285714286,0.7936507936507936,207696
5.5579514503479,0.0049610137939453125,0.3333333333333333,1.8189894035458565e-12,0.7380952380952381,0.8015873015873016,207696
5.760252237319946,0.006706714630126953,0.5217391304347826,1.8189894035458565e-12,0.47619047619047616,0.8015873015873016,207696
5.589548587799072,0.0053615570068359375,0.35714285714285715,1.8189894035458565e-12,0.6904761904761905,0.7936507936507936,207696
5.6695945262908936,0.00514984130859375,0.35714285714285715,1.8189894035458565e-12,0.6904761904761905,0.7936507936507936,207696
5.448130130767822,0.006177663803100586,0.5111111111111111,1.8189894035458565e-12,0.4880952380952381,0.8015873015873016,207696
5.361407995223999,0.006589651107788086,0.5319148936170213,1.8189894035458565e-12,0.4642857142857143,0.7936507936507936,207696
5.242678880691528,0.006930828094482422,0.32786885245901637,1.8189894035458565e-12,0.75,0.7936507936507936,207696
5.389275789260864,0.005808591842651367,0.4081632653061224,1.8189894035458565e-12,0.6071428571428571,0.7936507936507936,207696
4.827278137207031,0.008165121078491211,0.32786885245901637,1.8189894035458565e-12,0.75,0.8015873015873016,207696
5.006134748458862,0.006296634674072266,0.5319148936170213,1.8189894035458565e-12,0.4642857142857143,0.8015873015873016,207696
4.954455137252808,0.00811004638671875,0.46511627906976744,1.8189894035458565e-12,0.5357142857142857,0.8015873015873016,207696
5.0180723667144775,0.00695490837097168,0.4166666666666667,1.8189894035458565e-12,0.5952380952380952,0.7936507936507936,207696
5.272663593292236,0.006009817123413086,0.425531914893617,1.8189894035458565e-12,0.5833333333333334,0.7936507936507936,207696
5.302582025527954,0.004223346710205078,0.4545454545454546,1.8189894035458565e-12,0.5476190476190477,0.7936507936507936,207696
5.324940204620361,0.0044405460357666016,0.3333333333333333,1.8189894035458565e-12,0.7380952380952381,0.7936507936507936,207696
5.310360908508301,0.004324436187744141,0.5416666666666666,1.8189894035458565e-12,0.4523809523809524,0.7936507936507936,207696
5.23009467124939,0.004307985305786133,0.4081632653061224,1.8189894035458565e-12,0.6071428571428571,0.7936507936507936,207696
5.369684219360352,0.00591731071472168,0.3508771929824561,1.8189894035458565e-12,0.7023809523809523,0.8015873015873016,207696
5.115391492843628,0.006357908248901367,0.5319148936170213,1.8189894035458565e-12,0.4642857142857143,0.7936507936507936,207696
5.455398321151733,0.005426883697509766,0.35714285714285715,1.8189894035458565e-12,0.6904761904761905,0.8015873015873016,207696
5.523449420928955,0.005024433135986328,0.37037037037037035,1.8189894035458565e-12,0.6666666666666666,0.8015873015873016,207696
5.477372407913208,0.00571751594543457,0.37735849056603776,1.8189894035458565e-12,0.6547619047619048,0.8015873015873016,207696
5.579449653625488,0.004852771759033203,0.46511627906976744,1.8189894035458565e-12,0.5357142857142857,0.7936507936507936,207696
5.6097798347473145,0.0052754878997802734,0.5111111111111111,1.8189894035458565e-12,0.4880952380952381,0.8015873015873016,207696
5.596193790435791,0.00620269775390625,0.285714285714286,1.8189894035458565e-12,0.75,0.8015873015873016,984799
5.31834864616394,0.008805513381958008,0.30000000000000004,1.8189894035458565e-12,0.7380952380952381,0.7936507936507936,984799
5.899354457855225,0.005182504653930664,0.1627906976744186,1.8189894035458565e-12,0.8452380952380952,0.8015873015873016,984799
5.956487417221069,0.0050241947174072266,0.326923076923077,1.8189894035458565e-12,0.7142857142857143,0.7936507936507936,984799
5.402341842651367,0.007208347320556641,0.406779661016951,1.8189894035458565e-12,0.6309523809523809,0.7936507936507936,984799
5.819585800170898,0.0072247982025146484,0.31372549019607837,1.8189894035458565e-12,0.7261904761904762,0.8015873015873016,984799
5.585484981536865,0.005533933639526367,0.36363636363595503,1.8189894035458565e-12,0.6785714285714286,0.7936507936507936,984799
5.667474269866943,0.0053255558013916016,0.5070422535211268,1.8189894035458565e-12,0.4880952380952381,0.7936507936507936,984799
5.684287071228027,0.006394386291503906,0.406779661016951,1.8189894035458565e-12,0.6309523809523809,0.7936507936507936,984799
5.983455419540405,0.005971193313598633,0.4927536231886418,1.8189894035458565e-12,0.5119047619047619,0.7936507936507936,984799
5.758322238922119,0.0055086612701416016,0.22222222222226953,1.8189894035458565e-12,0.7976190476190477,0.7936507936507936,984799
5.800347566604614,0.005803823471069336,0.15217391304347824,1.8189894035458565e-12,0.8809523809523809,0.8015873015873016,984799
5.911724328994751,0.004790544509887695,0.44444444444444453,1.8189894035458565e-12,0.5833333333333334,0.8015873015873016,984799
5.682719945907593,0.005528688430786133,0.285714285714286,1.8189894035458565e-12,0.75,0.7936507936507936,984799
5.739182949066162,0.005105018615722656,0.22222222222226953,1.8189894035458565e-12,0.7976190476190477,0.7936507936507936,984799
5.6876466274261475,0.005204677581787109,0.31372549019607837,1.8189894035458565e-12,0.7261904761904762,0.8015873015873016,984799
5.745415449142456,0.0051076412200927734,0.16666666666666663,1.8189894035458565e-12,0.8333333333333334,0.7936507936507936,984799
5.8189661502838135,0.0069010257720947266,0.285714285714286,1.8189894035458565e-12,0.75,0.7936507936507936,984799
5.536302804946899,0.004790544509887695,0.43548387096774194,1.8189894035458565e-12,0.6071428571428571,0.8015873015873016,984799
5.346038103103638,0.004398822784423828,0.4852941176470588,1.8189894035458565e-12,0.5238095238095238,0.8015873015873016,984799
5.5244200229644775,0.006128787994384766,0.18604651162833044,1.8189894035458565e-12,0.8214285714285714,0.8015873015873016,984799
5.226884126663208,0.006497383117675781,0.43548387096774194,1.8189894035458565e-12,0.5952380952380952,0.8015873015873016,984799
5.225138425827026,0.01060032844543457,0.41666666666666696,1.8189894035458565e-12,0.6190476190476191,0.7936507936507936,984799
5.506929874420166,0.0071833133697509766,0.20454545454559958,1.8189894035458565e-12,0.8095238095238095,0.8015873015873016,984799
5.272218227386475,0.0067005157470703125,0.42622950819672134,1.8189894035458565e-12,0.6071428571428571,0.7936507936507936,984799
5.480989933013916,0.0059015750885009766,0.15555555555555553,1.8189894035458565e-12,0.8690476190476191,0.7936507936507936,984799
5.6077423095703125,0.0058557987213134766,0.44444444444444453,1.8189894035458565e-12,0.5833333333333334,0.8015873015873016,984799
5.868847131729126,0.00482630729675293,0.30000000000000004,1.8189894035458565e-12,0.7380952380952381,0.7936507936507936,984799
5.3056769371032715,0.007908821105957031,0.30000000000000004,1.8189894035458565e-12,0.7380952380952381,0.7936507936507936,984799
5.488568305969238,0.008693933486938477,0.39655172413794026,1.8189894035458565e-12,0.6428571428571429,0.8015873015873016,579284
5.7667882442474365,0.0068361759185791016,0.25531914893617447,1.8189894035458565e-12,0.7738095238095238,0.7936507936507936,579284
5.1198344230651855,0.00707697868347168,0.25531914893617447,1.8189894035458565e-12,0.7738095238095238,0.8015873015873016,579284
5.196491718292236,0.0063457489013671875,0.36363636363595503,1.8189894035458565e-12,0.6785714285714286,0.7936507936507936,579284
5.438643217086792,0.005658149719238281,0.4615384615385677,1.8189894035458565e-12,0.5595238095238095,0.8015873015873016,579284
5.584299802780151,0.006433010101318359,0.44444444444444453,1.8189894035458565e-12,0.5833333333333334,0.8015873015873016,579284
5.695309400558472,0.005959510803222656,0.406779661016951,1.8189894035458565e-12,0.6309523809523809,0.7936507936507936,579284
5.645607233047485,0.006094455718994141,0.4927536231886418,1.8189894035458565e-12,0.5119047619047619,0.8015873015873016,579284
5.609749794006348,0.006257057189941406,0.45312499999989353,1.8189894035458565e-12,0.5714285714285714,0.7936507936507936,579284
4.7044994831085205,0.006144523620605469,0.4927536231886418,1.8189894035458565e-12,0.5119047619047619,0.7936507936507936,579284
4.772535085678101,0.00654149055480957,0.36363636363595503,1.8189894035458565e-12,0.6785714285714286,0.8015873015873016,579284
4.7862770557403564,0.006721973419189453,0.44444444444444453,1.8189894035458565e-12,0.5833333333333334,0.8015873015873016,579284
4.83293342590332,0.006189823150634766,0.46969696969697744,1.8189894035458565e-12,0.5476190476190477,0.8015873015873016,579284
4.884175777435303,0.00762939453125,0.22222222222226953,1.8189894035458565e-12,0.7976190476190477,0.8015873015873016,579284
5.255287170410156,0.004571199417114258,0.2708333333333345,1.8189894035458565e-12,0.7619047619047619,0.7936507936507936,579284
5.381005764007568,0.004554033279418945,0.43548387096774194,1.8189894035458565e-12,0.5952380952380952,0.7936507936507936,579284
5.390637159347534,0.004435062408447266,0.18604651162833044,1.8189894035458565e-12,0.8214285714285714,0.8015873015873016,579284
5.422438144683838,0.004784584045410156,0.41666666666666696,1.8189894035458565e-12,0.6190476190476191,0.7936507936507936,579284
5.352885723114014,0.004718780517578125,0.45312499999989353,1.8189894035458565e-12,0.5714285714285714,0.8015873015873016,579284
5.214778423309326,0.004437685012817383,0.45312499999989353,1.8189894035458565e-12,0.5714285714285714,0.7936507936507936,579284
5.232975006103516,0.004379749298095703,0.20454545454559958,1.8189894035458565e-12,0.8095238095238095,0.7936507936507936,579284
5.428051710128784,0.004666328430175781,0.4927536231886418,1.8189894035458565e-12,0.5119047619047619,0.8015873015873016,579284
5.442610263824463,0.0054590702056884766,0.43548387096774194,1.8189894035458565e-12,0.5952380952380952,0.7936507936507936,579284
5.196786880493164,0.006173133850097656,0.36363636363595503,1.8189894035458565e-12,0.6785714285714286,0.8015873015873016,579284
5.350062608718872,0.0059583187103271484,0.30000000000000004,1.8189894035458565e-12,0.7380952380952381,0.8015873015873016,579284
5.216500759124756,0.0062046051025390625,0.1590909090909091,1.8189894035458565e-12,0.8571428571428571,0.8015873015873016,579284
5.0613789558410645,0.0070171356201171875,0.44444444444444453,1.8189894035458565e-12,0.5833333333333334,0.8015873015873016,579284
5.360745429992676,0.005583763122558594,0.36363636363595503,1.8189894035458565e-12,0.6785714285714286,0.8015873015873016,579284
5.158665418624878,0.0065822601318359375,0.285714285714286,1.8189894035458565e-12,0.75,0.7936507936507936,579284
5.539649724960327,0.006229400634765625,0.5125,1.8189894035458565e-12,0.47619047619047616,0.7936507936507936,841866
5.405834674835205,0.006627082824707031,0.41791044776119424,1.8189894035458565e-12,0.6309523809523809,0.8015873015873016,841866
5.938123941421509,0.004754066467285156,0.5,1.8189894035458565e-12,0.5,0.7936507936507936,841866
5.820821285247803,0.0051572322845458984,0.5185185185185185,1.8189894035458565e-12,0.4642857142857143,0.7936507936507936,841866
5.895186424255371,0.004734516143798828,0.5125,1.8189894035458565e-12,0.47619047619047616,0.8015873015873016,841866
5.893336057662964,0.004893064498901367,0.5125,1.8189894035458565e-12,0.47619047619047616,0.8015873015873016,841866
5.814866781234741,0.004884481430053711,0.5063291139240507,1.8189894035458565e-12,0.4880952380952381,0.7936507936507936,841866
5.583699941635132,0.0063169002532958984,0.49350649350660447,1.8189894035458565e-12,0.5119047619047619,0.7936507936507936,841866
5.780080556869507,0.0051593780517578125,0.43478260869565216,1.8189894035458565e-12,0.6071428571428571,0.8015873015873016,841866
5.826143503189087,0.004739284515380859,0.5125,1.8189894035458565e-12,0.47619047619047616,0.8015873015873016,841866
5.761284589767456,0.004677534103393555,0.5125,1.8189894035458565e-12,0.47619047619047616,0.8015873015873016,841866
5.76598858833313,0.005286693572998047,0.15217391304347822,1.8189894035458565e-12,0.8809523809523809,0.7936507936507936,841866
5.903334617614746,0.004344463348388672,0.5,1.8189894035458565e-12,0.5,0.7936507936507936,841866
5.879847049713135,0.0061113834381103516,0.30357142857142866,1.8189894035458565e-12,0.7619047619047619,0.7936507936507936,841866
5.6224684715271,0.006041765213012695,0.48000000000000004,1.8189894035458565e-12,0.5357142857142857,0.8015873015873016,841866
5.708104133605957,0.0049839019775390625,0.5185185185185185,1.8189894035458565e-12,0.4642857142857143,0.7936507936507936,841866
5.7969160079956055,0.005251169204711914,0.47297297297297514,1.8189894035458565e-12,0.5476190476190477,0.7936507936507936,841866
5.804434299468994,0.004437923431396484,0.5063291139240507,1.8189894035458565e-12,0.4880952380952381,0.8015873015873016,841866
4.763713598251343,0.006049633026123047,0.5,1.8189894035458565e-12,0.5,0.7936507936507936,841866
5.110796928405762,0.006682395935058594,0.42647058823529416,1.8189894035458565e-12,0.6190476190476191,0.7936507936507936,841866
5.145885229110718,0.0060617923736572266,0.5,1.8189894035458565e-12,0.5,0.7936507936507936,841866
4.828652858734131,0.008594036102294922,0.5185185185185185,1.8189894035458565e-12,0.4642857142857143,0.8015873015873016,841866
5.5883941650390625,0.00576019287109375,0.47297297297297514,1.8189894035458565e-12,0.5476190476190477,0.7936507936507936,841866
5.985042095184326,0.005110025405883789,0.43478260869565216,1.8189894035458565e-12,0.6071428571428571,0.7936507936507936,841866
5.580644845962524,0.006090641021728516,0.48000000000000004,1.8189894035458565e-12,0.5357142857142857,0.8015873015873016,841866
5.702285289764404,0.006186723709106445,0.4868421052631579,1.8189894035458565e-12,0.5238095238095238,0.7936507936507936,841866
5.718207359313965,0.0052449703216552734,0.5125,1.8189894035458565e-12,0.47619047619047616,0.7936507936507936,841866
5.915055751800537,0.006213188171386719,0.49350649350660447,1.8189894035458565e-12,0.5119047619047619,0.7936507936507936,841866
5.82370924949646,0.006111621856689453,0.5185185185185185,1.8189894035458565e-12,0.4642857142857143,0.7936507936507936,841866
5.2389161586761475,0.007348060607910156,0.08695652173913043,1.8189894035458565e-12,0.9523809523809523,0.8015873015873016,398248
5.7381911277771,0.00720667839050293,0.3666666666670929,1.8189894035458565e-12,0.6904761904761905,0.8015873015873016,398248
5.535619258880615,0.007023334503173828,0.4242424242424243,1.8189894035458565e-12,0.6190476190476191,0.8015873015873016,398248
5.817487001419067,0.005827665328979492,0.09302325581395349,1.8189894035458565e-12,0.9166666666666666,0.7936507936507936,398248
5.689147233963013,0.0068378448486328125,0.3333333333333333,1.8189894035458565e-12,0.7261904761904762,0.8015873015873016,398248
5.808415174484253,0.005918025970458984,0.15909090909090906,1.8189894035458565e-12,0.8571428571428571,0.8015873015873016,398248
6.094346284866333,0.005429744720458984,0.3333333333333333,1.8189894035458565e-12,0.7261904761904762,0.8015873015873016,398248
5.75212550163269,0.006203174591064453,0.3870967741935839,1.8189894035458565e-12,0.6666666666666666,0.7936507936507936,398248
5.929274559020996,0.006036043167114258,0.43076923076923074,1.8189894035458565e-12,0.6071428571428571,0.8015873015873016,398248
5.984950542449951,0.006066560745239258,0.35593220338983056,1.8189894035458565e-12,0.7023809523809523,0.7857142857142857,398248
6.063127040863037,0.006969451904296875,0.0952380952380953,1.8189894035458565e-12,0.9047619047619048,0.8015873015873016,398248
5.865453004837036,0.007091522216796875,0.30909090909090914,1.8189894035458565e-12,0.75,0.8015873015873016,398248
5.966658592224121,0.00626826286315918,0.2830188679245287,1.8189894035458565e-12,0.7738095238095238,0.7936507936507936,398248
5.912037134170532,0.005455493927001953,0.24000000000001373,1.8189894035458565e-12,0.8095238095238095,0.7936507936507936,398248
6.192967176437378,0.006260871887207031,0.35593220338983056,1.8189894035458565e-12,0.7023809523809523,0.8015873015873016,398248
4.945514440536499,0.006644725799560547,0.2291666666666963,1.8189894035458565e-12,0.8214285714285714,0.7936507936507936,398248
5.056905269622803,0.013071298599243164,0.22448979591840798,1.8189894035458565e-12,0.8214285714285714,0.7936507936507936,398248
5.601517915725708,0.005140066146850586,0.08888888888888889,1.8189894035458565e-12,0.9404761904761905,0.8015873015873016,398248
5.534706354141235,0.004857778549194336,0.3333333333333333,1.8189894035458565e-12,0.7261904761904762,0.7936507936507936,398248
5.450800895690918,0.004724979400634766,0.3448275862068965,1.8189894035458565e-12,0.7142857142857143,0.8015873015873016,398248
5.398693084716797,0.005595684051513672,0.4242424242424243,1.8189894035458565e-12,0.6190476190476191,0.7936507936507936,398248
5.519825458526611,0.004441499710083008,0.21276595744689578,1.8189894035458565e-12,0.8214285714285714,0.8015873015873016,398248
5.174089193344116,0.006139993667602539,0.2083333333334484,1.8189894035458565e-12,0.8333333333333334,0.7936507936507936,398248
5.469480514526367,0.006331443786621094,0.08888888888888889,1.8189894035458565e-12,0.9404761904761905,0.8015873015873016,398248
5.376458168029785,0.006788492202758789,0.15555555555555553,1.8189894035458565e-12,0.8690476190476191,0.8015873015873016,398248
5.426624536514282,0.007147312164306641,0.17391304347807487,1.8189894035458565e-12,0.8571428571428571,0.7936507936507936,398248
5.290234804153442,0.007493019104003906,0.2549019607843182,1.8189894035458565e-12,0.7976190476190477,0.8015873015873016,398248
5.252265930175781,0.006402730941772461,0.29629629629629645,1.8189894035458565e-12,0.7619047619047619,0.8015873015873016,398248
5.729182243347168,0.005780935287475586,0.406250000000002,1.8189894035458565e-12,0.6428571428571429,0.7936507936507936,398248
5.293211221694946,0.01034235954284668,0.3333333333333333,1.8189894035458565e-12,0.6785714285714286,0.8015873015873016,872895
5.365571022033691,0.007481813430786133,0.26,1.8189894035458565e-12,0.7976190476190477,0.7936507936507936,872895
5.697920083999634,0.005321502685546875,0.30232558139534893,1.8189894035458565e-12,0.7023809523809523,0.8015873015873016,872895
5.493887901306152,0.00614476203918457,0.4339622641509434,1.8189894035458565e-12,0.5833333333333334,0.7936507936507936,872895
5.674872398376465,0.005890607833862305,0.4000000000000054,1.8189894035458565e-12,0.6190476190476191,0.8015873015873016,872895
5.553534984588623,0.006673336029052734,0.30232558139534893,1.8189894035458565e-12,0.7023809523809523,0.8015873015873016,872895
5.63239860534668,0.00569605827331543,0.532258064516129,1.8189894035458565e-12,0.4523809523809524,0.8015873015873016,872895
5.740719556808472,0.005104780197143555,0.3409090909090909,1.8189894035458565e-12,0.6666666666666666,0.7936507936507936,872895
5.814659118652344,0.00625300407409668,0.5,1.8189894035458565e-12,0.4880952380952381,0.7936507936507936,872895
5.95145058631897,0.004891157150268555,0.25490196078431376,1.8189894035458565e-12,0.7857142857142857,0.8015873015873016,872895
5.9701828956604,0.0046539306640625,0.25,1.8189894035458565e-12,0.8095238095238095,0.8015873015873016,872895
5.914621829986572,0.0049037933349609375,0.5081967213114754,1.8189894035458565e-12,0.4880952380952381,0.7936507936507936,872895
5.942831993103027,0.005143404006958008,0.285714285714286,1.8189894035458565e-12,0.7142857142857143,0.8015873015873016,872895
5.157099485397339,0.011417388916015625,0.25490196078431376,1.8189894035458565e-12,0.7976190476190477,0.8015873015873016,872895
4.915946960449219,0.006242513656616211,0.34782608695652173,1.8189894035458565e-12,0.6666666666666666,0.7936507936507936,872895
5.208650588989258,0.006593227386474609,0.285714285714286,1.8189894035458565e-12,0.7142857142857143,0.8015873015873016,872895
5.363291025161743,0.00591278076171875,0.53125,1.8189894035458565e-12,0.4523809523809524,0.8015873015873016,872895
5.264159202575684,0.005902290344238281,0.4827586206896552,1.8189894035458565e-12,0.5238095238095238,0.8015873015873016,872895
5.335916042327881,0.006246805191040039,0.5238095238095238,1.8189894035458565e-12,0.4642857142857143,0.8015873015873016,872895
5.356771230697632,0.005967855453491211,0.2608695652173913,1.8189894035458565e-12,0.7619047619047619,0.8015873015873016,872895
5.266865015029907,0.006038665771484375,0.47272727272727516,1.8189894035458565e-12,0.5357142857142857,0.7936507936507936,872895
5.3932600021362305,0.004373788833618164,0.5161290322580645,1.8189894035458565e-12,0.47619047619047616,0.7936507936507936,872895
5.262993335723877,0.005795478820800781,0.4230769230769232,1.8189894035458565e-12,0.5952380952380952,0.7936507936507936,872895
5.437204122543335,0.005486011505126953,0.532258064516129,1.8189894035458565e-12,0.4523809523809524,0.7936507936507936,872895
5.528346538543701,0.004895210266113281,0.23076923076923075,1.8189894035458565e-12,0.8333333333333334,0.8015873015873016,872895
5.620378255844116,0.004819393157958984,0.5384615384615384,1.8189894035458565e-12,0.44047619047619047,0.7936507936507936,872895
5.414716482162476,0.005885601043701172,0.47368421052631743,1.8189894035458565e-12,0.5357142857142857,0.8015873015873016,872895
5.643483877182007,0.005035877227783203,0.36956521739161313,1.8189894035458565e-12,0.6547619047619048,0.7936507936507936,872895
5.934782266616821,0.004786014556884766,0.27272727272727276,1.8189894035458565e-12,0.7380952380952381,0.7936507936507936,872895
5.205638408660889,0.008347034454345703,0.24444444444444446,1.8189894035458565e-12,0.7738095238095238,0.7936507936507936,501973
5.280591011047363,0.006512165069580078,0.5571428571428572,1.8189894035458565e-12,0.40476190476190477,0.7936507936507936,501973
6.485548496246338,0.0055789947509765625,0.22448979591836735,1.8189894035458565e-12,0.8214285714285714,0.7936507936507936,501973
6.150547981262207,0.00568079948425293,0.4833333333333334,1.8189894035458565e-12,0.5238095238095238,0.8015873015873016,501973
6.14917778968811,0.0053136348724365234,0.515625,1.8189894035458565e-12,0.47619047619047616,0.7936507936507936,501973
5.846255779266357,0.006833791732788086,0.4833333333333334,1.8189894035458565e-12,0.5238095238095238,0.8015873015873016,501973
5.033496618270874,0.006866455078125,0.49180327868807433,1.8189894035458565e-12,0.5119047619047619,0.7936507936507936,501973
5.956907033920288,0.00699162483215332,0.5753424657534247,1.8189894035458565e-12,0.36904761904761907,0.8015873015873016,501973
6.042400121688843,0.006761789321899414,0.425925925925926,1.8189894035458565e-12,0.5833333333333334,0.7936507936507936,501973
5.708800315856934,0.005984067916870117,0.24444444444444446,1.8189894035458565e-12,0.7738095238095238,0.8015873015873016,501973
6.360803604125977,0.00567626953125,0.5,1.8189894035458565e-12,0.5,0.8015873015873016,501973
5.917506694793701,0.006220579147338867,0.4827586206896552,1.8189894035458565e-12,0.5238095238095238,0.7936507936507936,501973
5.8599607944488525,0.0057756900787353516,0.5441176470588236,1.8189894035458565e-12,0.42857142857142855,0.8095238095238095,501973
5.706964015960693,0.00761866569519043,0.5,1.8189894035458565e-12,0.5,0.8015873015873016,501973
5.980850696563721,0.007402181625366211,0.31818181818181823,1.8189894035458565e-12,0.6904761904761905,0.8015873015873016,501973
6.064399719238281,0.007469892501831055,0.44642857142857145,1.8189894035458565e-12,0.5714285714285714,0.8015873015873016,501973
6.021246671676636,0.005102872848510742,0.22916666666666669,1.8189894035458565e-12,0.8095238095238095,0.8015873015873016,501973
5.524010419845581,0.004639863967895508,0.4833333333333334,1.8189894035458565e-12,0.5238095238095238,0.8015873015873016,501973
5.644366979598999,0.004564762115478516,0.5652173913043479,1.8189894035458565e-12,0.39285714285714285,0.8015873015873016,501973
5.572467565536499,0.004544973373413086,0.4915254237285044,1.8189894035458565e-12,0.5119047619047619,0.8015873015873016,501973
5.780232667922974,0.005276203155517578,0.285714285714286,1.8189894035458565e-12,0.7142857142857143,0.7936507936507936,501973
5.684357404708862,0.004629373550415039,0.4915254237285044,1.8189894035458565e-12,0.5119047619047619,0.8015873015873016,501973
5.832508325576782,0.006020069122314453,0.27272727272727276,1.8189894035458565e-12,0.7380952380952381,0.8015873015873016,501973
5.2215540409088135,0.006508588790893555,0.5161290322580645,1.8189894035458565e-12,0.47619047619047616,0.7936507936507936,501973
5.348470211029053,0.006747722625732422,0.4561403508776318,1.8189894035458565e-12,0.5595238095238095,0.8015873015873016,501973
5.472041845321655,0.007086992263793945,0.5081967213114754,1.8189894035458565e-12,0.4880952380952381,0.7936507936507936,501973
6.06595516204834,0.006206035614013672,0.32608695652173914,1.8189894035458565e-12,0.6904761904761905,0.8015873015873016,501973
5.461841583251953,0.006403446197509766,0.5522388059701493,1.8189894035458565e-12,0.4166666666666667,0.8015873015873016,501973
5.2498979568481445,0.007167816162109375,0.5633802816901409,1.8189894035458565e-12,0.39285714285714285,0.7936507936507936,501973
4.383022785186768,0.006506919860839844,0.31818181818181823,1.8189894035458565e-12,0.6904761904761905,0.8015873015873016,990622
5.776450157165527,0.00591588020324707,0.4642857142857615,1.8189894035458565e-12,0.5476190476190477,0.7936507936507936,990622
5.754528522491455,0.006729602813720703,0.3750000000001645,1.8189894035458565e-12,0.6428571428571429,0.7936507936507936,990622
5.892777681350708,0.006447792053222656,0.3750000000001645,1.8189894035458565e-12,0.6428571428571429,0.8015873015873016,990622
5.154333114624023,0.0074520111083984375,0.4827586206896552,1.8189894035458565e-12,0.5238095238095238,0.7936507936507936,990622
5.5089805126190186,0.0063817501068115234,0.53125,1.8189894035458565e-12,0.4523809523809524,0.8015873015873016,990622
5.678448915481567,0.006495952606201172,0.38775510204084873,1.8189894035458565e-12,0.6309523809523809,0.8015873015873016,990622
5.90314507484436,0.005984783172607422,0.4642857142857615,1.8189894035458565e-12,0.5476190476190477,0.8015873015873016,990622
5.719215393066406,0.005472660064697266,0.53125,1.8189894035458565e-12,0.4523809523809524,0.8015873015873016,990622
5.564483642578125,0.005686283111572266,0.5238095238095238,1.8189894035458565e-12,0.4642857142857143,0.7936507936507936,990622
4.736427068710327,0.006670951843261719,0.30232558139534893,1.8189894035458565e-12,0.7023809523809523,0.8015873015873016,990622
4.633936882019043,0.007050991058349609,0.4117647058823537,1.8189894035458565e-12,0.6071428571428571,0.8015873015873016,990622
4.749712228775024,0.0076105594635009766,0.2352941176470588,1.8189894035458565e-12,0.8214285714285714,0.8015873015873016,990622
4.649484395980835,0.008075475692749023,0.5081967213114754,1.8189894035458565e-12,0.4880952380952381,0.8015873015873016,990622
4.753586053848267,0.0067348480224609375,0.53125,1.8189894035458565e-12,0.4523809523809524,0.8015873015873016,990622
5.456152439117432,0.005422353744506836,0.34782608695652173,1.8189894035458565e-12,0.6666666666666666,0.7936507936507936,990622
5.473998069763184,0.004518747329711914,0.44444444444444453,1.8189894035458565e-12,0.5714285714285714,0.8015873015873016,990622
5.387197494506836,0.005012035369873047,0.4915254237285044,1.8189894035458565e-12,0.5119047619047619,0.8015873015873016,990622
5.3550755977630615,0.004286289215087891,0.27906976744186046,1.8189894035458565e-12,0.7261904761904762,0.7936507936507936,990622
5.343490839004517,0.004319667816162109,0.4117647058823537,1.8189894035458565e-12,0.6071428571428571,0.8015873015873016,990622
5.286300420761108,0.0054395198822021484,0.4339622641509434,1.8189894035458565e-12,0.5833333333333334,0.7936507936507936,990622
5.485279321670532,0.0048825740814208984,0.27906976744186046,1.8189894035458565e-12,0.7261904761904762,0.8015873015873016,990622
5.614793539047241,0.005948781967163086,0.53125,1.8189894035458565e-12,0.4523809523809524,0.8015873015873016,990622
5.022333145141602,0.00732421875,0.26666666666666666,1.8189894035458565e-12,0.75,0.7936507936507936,990622
4.960115671157837,0.006450653076171875,0.4642857142857615,1.8189894035458565e-12,0.5476190476190477,0.8015873015873016,990622
5.100666046142578,0.006299018859863281,0.3333333333333333,1.8189894035458565e-12,0.6785714285714286,0.8015873015873016,990622
5.415660858154297,0.006485462188720703,0.4642857142857615,1.8189894035458565e-12,0.5476190476190477,0.8015873015873016,990622
5.06958532333374,0.007135152816772461,0.4230769230769232,1.8189894035458565e-12,0.5952380952380952,0.7936507936507936,990622
5.15040922164917,0.007201671600341797,0.5588235294117647,1.8189894035458565e-12,0.40476190476190477,0.8015873015873016,990622
4.582349061965942,0.007930517196655273,0.2600000000000029,1.8189894035458565e-12,0.7857142857142857,0.8015873015873016,785899
5.149726390838623,0.0077533721923828125,0.2291666666666963,1.8189894035458565e-12,0.8095238095238095,0.7936507936507936,785899
5.0091938972473145,0.009074926376342773,0.2291666666666963,1.8189894035458565e-12,0.8095238095238095,0.8015873015873016,785899
5.682164192199707,0.005814790725708008,0.40322580645161615,1.8189894035458565e-12,0.6428571428571429,0.8015873015873016,785899
5.32185959815979,0.008024454116821289,0.24489795918368304,1.8189894035458565e-12,0.7976190476190477,0.7936507936507936,785899
5.801397085189819,0.006494045257568359,0.33928571428571425,1.8189894035458565e-12,0.7142857142857143,0.7936507936507936,785899
5.018147706985474,0.008072614669799805,0.28846153846153866,1.8189894035458565e-12,0.7619047619047619,0.7936507936507936,785899
5.720560312271118,0.0052411556243896484,0.21276595744689578,1.8189894035458565e-12,0.8214285714285714,0.7936507936507936,785899
5.796887159347534,0.005697488784790039,0.40322580645161615,1.8189894035458565e-12,0.6428571428571429,0.8015873015873016,785899
5.807804584503174,0.006956815719604492,0.3833333333333918,1.8189894035458565e-12,0.6666666666666666,0.7936507936507936,785899
5.527328252792358,0.00629115104675293,0.19565217391328926,1.8189894035458565e-12,0.8333333333333334,0.8015873015873016,785899
5.305436849594116,0.007189035415649414,0.32727272727272727,1.8189894035458565e-12,0.7261904761904762,0.8015873015873016,785899
5.812822580337524,0.0053021907806396484,0.1395348837209303,1.8189894035458565e-12,0.8690476190476191,0.8015873015873016,785899
5.438676595687866,0.008174657821655273,0.41269841269841334,1.8189894035458565e-12,0.6309523809523809,0.7936507936507936,785899
5.934375047683716,0.006623744964599609,0.4714285714285754,1.8189894035458565e-12,0.5476190476190477,0.7936507936507936,785899
5.784286975860596,0.005700111389160156,0.28846153846153866,1.8189894035458565e-12,0.7619047619047619,0.8015873015873016,785899
5.930191516876221,0.005690097808837891,0.28846153846153866,1.8189894035458565e-12,0.7619047619047619,0.7936507936507936,785899
4.972240447998047,0.0075986385345458984,0.30188679245283023,1.8189894035458565e-12,0.75,0.7936507936507936,785899
5.454906940460205,0.004592180252075195,0.2600000000000029,1.8189894035458565e-12,0.7857142857142857,0.8015873015873016,785899
5.579966068267822,0.004717111587524414,0.24489795918368304,1.8189894035458565e-12,0.7976190476190477,0.8015873015873016,785899
5.465381383895874,0.004784584045410156,0.47887323943661986,1.8189894035458565e-12,0.5357142857142857,0.8015873015873016,785899
5.298187494277954,0.004349231719970703,0.28846153846153866,1.8189894035458565e-12,0.7619047619047619,0.7936507936507936,785899
5.74281907081604,0.0055162906646728516,0.27450980392156954,1.8189894035458565e-12,0.7738095238095238,0.8015873015873016,785899
5.861221790313721,0.005414724349975586,0.11904761904761907,1.8189894035458565e-12,0.8809523809523809,0.8015873015873016,785899
5.56594705581665,0.0061855316162109375,0.11904761904761907,1.8189894035458565e-12,0.8809523809523809,0.8015873015873016,785899
5.347317695617676,0.00671696662902832,0.3620689655169395,1.8189894035458565e-12,0.6904761904761905,0.8015873015873016,785899
5.658948183059692,0.006257295608520508,0.3833333333333918,1.8189894035458565e-12,0.6666666666666666,0.7936507936507936,785899
5.3184590339660645,0.005988359451293945,0.17777777777744141,1.8189894035458565e-12,0.8452380952380952,0.8015873015873016,785899
5.693238258361816,0.0060498714447021484,0.3508771929824561,1.8189894035458565e-12,0.7023809523809523,0.8015873015873016,785899
5.23808479309082,0.014114856719970703,0.3333333333333333,1.8189894035458565e-12,0.7380952380952381,0.8015873015873016,720193
5.804342269897461,0.006874561309814453,0.3103448275862069,1.8189894035458565e-12,0.7619047619047619,0.8015873015873016,720193
5.782449960708618,0.007021665573120117,0.3750000000001645,1.8189894035458565e-12,0.6904761904761905,0.8015873015873016,720193
6.129159927368164,0.006097078323364258,0.4736842105263174,1.8189894035458565e-12,0.5476190476190477,0.8015873015873016,720193
5.460190773010254,0.007219552993774414,0.2592592592592624,1.8189894035458565e-12,0.8095238095238095,0.8015873015873016,720193
4.808981895446777,0.005814790725708008,0.4594594594596473,1.8189894035458565e-12,0.5714285714285714,0.8015873015873016,720193
4.5636491775512695,0.0074541568756103516,0.3103448275862069,1.8189894035458565e-12,0.7619047619047619,0.7936507936507936,720193
4.458276987075806,0.006796598434448242,0.4285714285714286,1.8189894035458565e-12,0.6190476190476191,0.8015873015873016,720193
4.305379867553711,0.007120370864868164,0.3103448275862069,1.8189894035458565e-12,0.7619047619047619,0.7936507936507936,720193
4.550846576690674,0.00839853286743164,0.3939393939394075,1.8189894035458565e-12,0.6666666666666666,0.8015873015873016,720193
5.463906764984131,0.004581928253173828,0.27272727272727365,1.8189894035458565e-12,0.7976190476190477,0.8015873015873016,720193
5.439533948898315,0.004792213439941406,0.3220338983050847,1.8189894035458565e-12,0.75,0.8015873015873016,720193
5.551627159118652,0.0051975250244140625,0.27272727272727365,1.8189894035458565e-12,0.7976190476190477,0.7936507936507936,720193
5.3670814037323,0.004542827606201172,0.4520547945205479,1.8189894035458565e-12,0.5833333333333334,0.8015873015873016,720193
5.351589918136597,0.00421595573425293,0.4444444444444445,1.8189894035458565e-12,0.5952380952380952,0.8015873015873016,720193
5.528867721557617,0.004900932312011719,0.3548387096774193,1.8189894035458565e-12,0.7142857142857143,0.8015873015873016,720193
5.288708925247192,0.004651784896850586,0.49367088607604237,1.8189894035458565e-12,0.5119047619047619,0.8015873015873016,720193
5.335242033004761,0.0052759647369384766,0.4117647058823537,1.8189894035458565e-12,0.6428571428571429,0.7936507936507936,720193
5.57717490196228,0.004266023635864258,0.4520547945205479,1.8189894035458565e-12,0.5833333333333334,0.8015873015873016,720193
5.381598949432373,0.004702568054199219,0.29824561403508776,1.8189894035458565e-12,0.7738095238095238,0.8015873015873016,720193
5.365329027175903,0.0042841434478759766,0.43661971830985913,1.8189894035458565e-12,0.6071428571428571,0.7936507936507936,720193
5.459470987319946,0.0052814483642578125,0.43661971830985913,1.8189894035458565e-12,0.6071428571428571,0.7936507936507936,720193
5.5810465812683105,0.006592512130737305,0.3333333333333333,1.8189894035458565e-12,0.7380952380952381,0.7936507936507936,720193
4.948245286941528,0.0062334537506103516,0.3750000000001645,1.8189894035458565e-12,0.6904761904761905,0.8015873015873016,720193
4.8788816928863525,0.007348537445068359,0.14893617021276592,1.8189894035458565e-12,0.8928571428571429,0.8015873015873016,720193
5.035109519958496,0.006292819976806641,0.48051948051948057,1.8189894035458565e-12,0.5357142857142857,0.7936507936507936,720193
4.991737127304077,0.006566286087036133,0.3220338983050847,1.8189894035458565e-12,0.75,0.8015873015873016,720193
5.018725395202637,0.006655693054199219,0.21568627450987635,1.8189894035458565e-12,0.8452380952380952,0.7936507936507936,720193
5.498431921005249,0.00669550895690918,0.48051948051948057,1.8189894035458565e-12,0.5357142857142857,0.7936507936507936,720193
5.058875322341919,0.010618209838867188,0.34,1.8189894035458565e-12,0.6904761904761905,0.8015873015873016,261313
5.331059217453003,0.007459163665771484,0.34,1.8189894035458565e-12,0.6904761904761905,0.7936507936507936,261313
5.2810704708099365,0.006225109100341797,0.46774193548388643,1.8189894035458565e-12,0.5476190476190477,0.7936507936507936,261313
5.2428669929504395,0.0072023868560791016,0.4107142857142866,1.8189894035458565e-12,0.6190476190476191,0.7936507936507936,261313
5.354385137557983,0.0060749053955078125,0.484375,1.8189894035458565e-12,0.5238095238095238,0.7936507936507936,261313
5.966143846511841,0.005623817443847656,0.5352112676056338,1.8189894035458565e-12,0.44047619047619047,0.8015873015873016,261313
5.529623746871948,0.005732536315917969,0.4590163934428342,1.8189894035458565e-12,0.5595238095238095,0.7936507936507936,261313
5.945149898529053,0.007013082504272461,0.5147058823529411,1.8189894035458565e-12,0.47619047619047616,0.7936507936507936,261313
4.998358964920044,0.006851911544799805,0.4590163934428342,1.8189894035458565e-12,0.5595238095238095,0.7936507936507936,261313
4.767363786697388,0.00777125358581543,0.45,1.8189894035458565e-12,0.5714285714285714,0.8095238095238095,261313
4.836941719055176,0.00781393051147461,0.484375,1.8189894035458565e-12,0.5238095238095238,0.7936507936507936,261313
5.0311079025268555,0.006039142608642578,0.47619047619047666,1.8189894035458565e-12,0.5357142857142857,0.7936507936507936,261313
4.9927427768707275,0.0064239501953125,0.20930232558139533,1.8189894035458565e-12,0.7976190476190477,0.8015873015873016,261313
4.90251350402832,0.006047725677490234,0.49230769230804805,1.8189894035458565e-12,0.5119047619047619,0.7936507936507936,261313
4.694234848022461,0.006806135177612305,0.49230769230804805,1.8189894035458565e-12,0.5119047619047619,0.7936507936507936,261313
5.538707494735718,0.00466156005859375,0.21428571428579346,1.8189894035458565e-12,0.7857142857142857,0.7936507936507936,261313
5.598187685012817,0.004556179046630859,0.42105263157894746,1.8189894035458565e-12,0.6071428571428571,0.7936507936507936,261313
5.512478351593018,0.004324674606323242,0.5147058823529411,1.8189894035458565e-12,0.47619047619047616,0.8015873015873016,261313
5.408323049545288,0.004670381546020508,0.4107142857142866,1.8189894035458565e-12,0.6190476190476191,0.8015873015873016,261313
5.369817495346069,0.0048198699951171875,0.3125,1.8189894035458565e-12,0.7142857142857143,0.8015873015873016,261313
5.469733953475952,0.0048046112060546875,0.46774193548388643,1.8189894035458565e-12,0.5476190476190477,0.8015873015873016,261313
5.317661285400391,0.00483250617980957,0.47619047619047666,1.8189894035458565e-12,0.5357142857142857,0.8015873015873016,261313
5.138519048690796,0.006204128265380859,0.32653061224489793,1.8189894035458565e-12,0.7023809523809523,0.7936507936507936,261313
5.195210933685303,0.0060558319091796875,0.4310344827586208,1.8189894035458565e-12,0.5952380952380952,0.7936507936507936,261313
5.49732518196106,0.005453824996948242,0.3529411764705882,1.8189894035458565e-12,0.6785714285714286,0.7936507936507936,261313
5.1376471519470215,0.006270170211791992,0.47619047619047666,1.8189894035458565e-12,0.5357142857142857,0.8015873015873016,261313
5.5291008949279785,0.005567789077758789,0.4000000000000054,1.8189894035458565e-12,0.6309523809523809,0.8015873015873016,261313
5.190442800521851,0.006131410598754883,0.3653846153851055,1.8189894035458565e-12,0.6666666666666666,0.8015873015873016,261313
5.410975694656372,0.0054891109466552734,0.5147058823529411,1.8189894035458565e-12,0.47619047619047616,0.7936507936507936,261313
5.398730993270874,0.008007049560546875,0.22000000000005476,1.8189894035458565e-12,0.8333333333333334,0.8015873015873016,538363
5.876126289367676,0.006133079528808594,0.30357142857142866,1.8189894035458565e-12,0.7619047619047619,0.7936507936507936,538363
5.8817055225372314,0.007312774658203125,0.2909090909090912,1.8189894035458565e-12,0.7738095238095238,0.7936507936507936,538363
6.053139686584473,0.006505250930786133,0.23529411764707805,1.8189894035458565e-12,0.8214285714285714,0.8015873015873016,538363
5.624595403671265,0.007031917572021484,0.3809523809524602,1.8189894035458565e-12,0.6785714285714286,0.8015873015873016,538363
5.705526113510132,0.007558584213256836,0.3275862068965517,1.8189894035458565e-12,0.7380952380952381,0.7936507936507936,538363
5.753167390823364,0.006163358688354492,0.41791044776119424,1.8189894035458565e-12,0.6309523809523809,0.8015873015873016,538363
5.607088804244995,0.0066013336181640625,0.4868421052631579,1.8189894035458565e-12,0.5238095238095238,0.7936507936507936,538363
5.891501426696777,0.0061130523681640625,0.45070422535211263,1.8189894035458565e-12,0.5833333333333334,0.8015873015873016,538363
5.821466445922852,0.0070378780364990234,0.30357142857142866,1.8189894035458565e-12,0.7619047619047619,0.8015873015873016,538363
5.981619596481323,0.006178855895996094,0.42647058823529416,1.8189894035458565e-12,0.6190476190476191,0.7936507936507936,538363
4.9607696533203125,0.008059024810791016,0.40909090909091034,1.8189894035458565e-12,0.6428571428571429,0.7936507936507936,538363
4.663705348968506,0.00775909423828125,0.33898305084745756,1.8189894035458565e-12,0.7261904761904762,0.8015873015873016,538363
5.086470365524292,0.007134437561035156,0.45833333333358595,1.8189894035458565e-12,0.5714285714285714,0.7936507936507936,538363
4.798393964767456,0.008133411407470703,0.3906250000000218,1.8189894035458565e-12,0.6666666666666666,0.7936507936507936,538363
5.528931617736816,0.004857778549194336,0.22000000000005476,1.8189894035458565e-12,0.8333333333333334,0.8015873015873016,538363
5.588937520980835,0.0052258968353271484,0.35,1.8189894035458565e-12,0.7142857142857143,0.7936507936507936,538363
5.498387098312378,0.0043447017669677734,0.45833333333358595,1.8189894035458565e-12,0.5714285714285714,0.8015873015873016,538363
5.578948974609375,0.0046312808990478516,0.45833333333358595,1.8189894035458565e-12,0.5714285714285714,0.7936507936507936,538363
5.456871509552002,0.004702091217041016,0.33898305084745756,1.8189894035458565e-12,0.7261904761904762,0.7936507936507936,538363
5.56799578666687,0.004691362380981445,0.4428571428571428,1.8189894035458565e-12,0.5952380952380952,0.8015873015873016,538363
5.290414094924927,0.004481315612792969,0.41791044776119424,1.8189894035458565e-12,0.6309523809523809,0.7936507936507936,538363
4.8255650997161865,0.00767827033996582,0.2641509433962285,1.8189894035458565e-12,0.7976190476190477,0.7936507936507936,538363
5.736058712005615,0.005686044692993164,0.45070422535211263,1.8189894035458565e-12,0.5833333333333334,0.8015873015873016,538363
5.065101385116577,0.006662130355834961,0.1875000000003907,1.8189894035458565e-12,0.8571428571428571,0.8015873015873016,538363
5.228162527084351,0.0064275264739990234,0.3809523809524602,1.8189894035458565e-12,0.6785714285714286,0.7936507936507936,538363
5.193366289138794,0.007903814315795898,0.4428571428571428,1.8189894035458565e-12,0.5952380952380952,0.7936507936507936,538363
5.14592719078064,0.006643533706665039,0.3275862068965517,1.8189894035458565e-12,0.7380952380952381,0.8015873015873016,538363
5.037268400192261,0.006613016128540039,0.45833333333358595,1.8189894035458565e-12,0.5714285714285714,0.7936507936507936,538363
4.810370206832886,0.01482701301574707,0.2500000000000064,1.8189894035458565e-12,0.7857142857142857,0.8015873015873016,257279
5.582540273666382,0.005811929702758789,0.33333333333333337,1.8189894035458565e-12,0.7142857142857143,0.8015873015873016,257279
5.573256254196167,0.005516767501831055,0.4461538461538462,1.8189894035458565e-12,0.5833333333333334,0.7936507936507936,257279
5.472808361053467,0.005872249603271484,0.20000000000019041,1.8189894035458565e-12,0.8214285714285714,0.8015873015873016,257279
5.646583318710327,0.005585908889770508,0.47058823529412314,1.8189894035458565e-12,0.5476190476190477,0.7936507936507936,257279
5.825005769729614,0.006176948547363281,0.5324675324675324,1.8189894035458565e-12,0.44047619047619047,0.8015873015873016,257279
6.044943571090698,0.004558086395263672,0.5068493150684932,1.8189894035458565e-12,0.4880952380952381,0.7936507936507936,257279
4.871107339859009,0.006664276123046875,0.52,1.8189894035458565e-12,0.4642857142857143,0.8015873015873016,257279
5.025460720062256,0.0066318511962890625,0.5068493150684932,1.8189894035458565e-12,0.4880952380952381,0.7936507936507936,257279
5.037141799926758,0.0062444210052490234,0.3898305084746006,1.8189894035458565e-12,0.6547619047619048,0.7936507936507936,257279
5.145049333572388,0.006127119064331055,0.4626865671642554,1.8189894035458565e-12,0.5595238095238095,0.8015873015873016,257279
4.973918914794922,0.006190776824951172,0.5135135135135135,1.8189894035458565e-12,0.47619047619047616,0.8015873015873016,257279
5.0453126430511475,0.006345510482788086,0.4545454545450978,1.8189894035458565e-12,0.5714285714285714,0.8015873015873016,257279
5.189003944396973,0.006396055221557617,0.4782608695652176,1.8189894035458565e-12,0.5357142857142857,0.8015873015873016,257279
5.019706964492798,0.006556272506713867,0.4461538461538462,1.8189894035458565e-12,0.5833333333333334,0.8015873015873016,257279
4.896294832229614,0.00692439079284668,0.13953488372093023,1.8189894035458565e-12,0.8690476190476191,0.7936507936507936,257279
5.092907428741455,0.005952119827270508,0.14285714285714288,1.8189894035458565e-12,0.8571428571428571,0.7936507936507936,257279
5.005697965621948,0.006943464279174805,0.5068493150684932,1.8189894035458565e-12,0.4880952380952381,0.8015873015873016,257279
5.133819103240967,0.00573277473449707,0.52,1.8189894035458565e-12,0.4642857142857143,0.7936507936507936,257279
5.211580038070679,0.004205465316772461,0.33333333333333337,1.8189894035458565e-12,0.7142857142857143,0.8015873015873016,257279
5.102182388305664,0.004320621490478516,0.4545454545450978,1.8189894035458565e-12,0.5714285714285714,0.8015873015873016,257279
5.286754131317139,0.004616498947143555,0.4461538461538462,1.8189894035458565e-12,0.5833333333333334,0.7936507936507936,257279
5.631967067718506,0.005619525909423828,0.23404255319151032,1.8189894035458565e-12,0.7976190476190477,0.7936507936507936,257279
5.087446212768555,0.005578279495239258,0.4857142857142857,1.8189894035458565e-12,0.5238095238095238,0.7936507936507936,257279
5.255719900131226,0.005839109420776367,0.2800000000000005,1.8189894035458565e-12,0.7619047619047619,0.7936507936507936,257279
5.287312030792236,0.004815578460693359,0.5068493150684932,1.8189894035458565e-12,0.4880952380952381,0.7936507936507936,257279
5.2433717250823975,0.0044841766357421875,0.5,1.8189894035458565e-12,0.5,0.7936507936507936,257279
5.146987438201904,0.00558781623840332,0.40000000000000546,1.8189894035458565e-12,0.6428571428571429,0.7936507936507936,257279
5.251695394515991,0.005350351333618164,0.49295774647906715,1.8189894035458565e-12,0.5119047619047619,0.7936507936507936,257279
5.052852630615234,0.008716106414794922,0.297872340425532,1.8189894035458565e-12,0.7261904761904762,0.7936507936507936,893255
5.8227128982543945,0.00525665283203125,0.23255813953490714,1.8189894035458565e-12,0.7738095238095238,0.7936507936507936,893255
5.783173084259033,0.005202531814575195,0.2826086956521744,1.8189894035458565e-12,0.7380952380952381,0.7936507936507936,893255
5.949241399765015,0.005057573318481445,0.19565217391304346,1.8189894035458565e-12,0.8333333333333334,0.8015873015873016,893255
5.8795812129974365,0.005119800567626953,0.32653061224489793,1.8189894035458565e-12,0.7023809523809523,0.7936507936507936,893255
5.743263483047485,0.0054874420166015625,0.3125,1.8189894035458565e-12,0.7142857142857143,0.7936507936507936,893255
5.286326169967651,0.0067327022552490234,0.38888888888891665,1.8189894035458565e-12,0.6428571428571429,0.8015873015873016,893255
5.733158349990845,0.004711151123046875,0.4590163934428342,1.8189894035458565e-12,0.5595238095238095,0.8015873015873016,893255
5.6337010860443115,0.004796504974365234,0.5,1.8189894035458565e-12,0.5,0.7936507936507936,893255
5.944082260131836,0.00496363639831543,0.2045454545454545,1.8189894035458565e-12,0.8095238095238095,0.7936507936507936,893255
5.801048517227173,0.006021976470947266,0.4000000000000054,1.8189894035458565e-12,0.6309523809523809,0.8015873015873016,893255
5.798050880432129,0.004759550094604492,0.4000000000000054,1.8189894035458565e-12,0.6309523809523809,0.7936507936507936,893255
5.742117166519165,0.0052602291107177734,0.3529411764705882,1.8189894035458565e-12,0.6785714285714286,0.8015873015873016,893255
5.165282487869263,0.00834512710571289,0.2500000000000064,1.8189894035458565e-12,0.7619047619047619,0.8015873015873016,893255
5.0942769050598145,0.0063703060150146484,0.26666666666666833,1.8189894035458565e-12,0.75,0.8015873015873016,893255
5.0169358253479,0.005667686462402344,0.18367346938775508,1.8189894035458565e-12,0.8690476190476191,0.8015873015873016,893255
4.963507652282715,0.0071527957916259766,0.297872340425532,1.8189894035458565e-12,0.7261904761904762,0.7936507936507936,893255
5.212527275085449,0.005706787109375,0.47619047619047666,1.8189894035458565e-12,0.5357142857142857,0.8015873015873016,893255
5.091017007827759,0.009567022323608398,0.46774193548388643,1.8189894035458565e-12,0.5476190476190477,0.8015873015873016,893255
5.2336106300354,0.007513284683227539,0.32653061224489793,1.8189894035458565e-12,0.7023809523809523,0.7936507936507936,893255
5.181232929229736,0.004340410232543945,0.3529411764705882,1.8189894035458565e-12,0.6785714285714286,0.7936507936507936,893255
5.29713773727417,0.004659414291381836,0.4107142857142866,1.8189894035458565e-12,0.6190476190476191,0.8015873015873016,893255
5.377418279647827,0.0067026615142822266,0.21428571428579346,1.8189894035458565e-12,0.7857142857142857,0.7936507936507936,893255
5.411795139312744,0.0060651302337646484,0.46774193548388643,1.8189894035458565e-12,0.5476190476190477,0.8015873015873016,893255
5.272715091705322,0.006206989288330078,0.2500000000000064,1.8189894035458565e-12,0.7619047619047619,0.8015873015873016,893255
5.329611539840698,0.0075151920318603516,0.4310344827586208,1.8189894035458565e-12,0.5952380952380952,0.8015873015873016,893255
5.3284947872161865,0.005864620208740234,0.47619047619047666,1.8189894035458565e-12,0.5357142857142857,0.8015873015873016,893255
5.811621427536011,0.0053331851959228516,0.297872340425532,1.8189894035458565e-12,0.7261904761904762,0.8015873015873016,893255
5.628216743469238,0.004659175872802734,0.3653846153851055,1.8189894035458565e-12,0.6666666666666666,0.8015873015873016,893255
5.5074567794799805,0.006824493408203125,0.23255813953490714,1.8189894035458565e-12,0.7738095238095238,0.8015873015873016,527796
5.380234479904175,0.0067675113677978516,0.32653061224489793,1.8189894035458565e-12,0.7023809523809523,0.8015873015873016,527796
5.337825059890747,0.006380558013916016,0.20930232558139533,1.8189894035458565e-12,0.7976190476190477,0.8015873015873016,527796
5.397826433181763,0.006455898284912109,0.26666666666666833,1.8189894035458565e-12,0.75,0.7936507936507936,527796
5.94545316696167,0.006622791290283203,0.37735849056616155,1.8189894035458565e-12,0.6547619047619048,0.8015873015873016,527796
5.465195655822754,0.006339311599731445,0.47619047619047666,1.8189894035458565e-12,0.5357142857142857,0.7936507936507936,527796
5.805622816085815,0.00617527961730957,0.3529411764705882,1.8189894035458565e-12,0.6785714285714286,0.7936507936507936,527796
4.909748792648315,0.0062258243560791016,0.45,1.8189894035458565e-12,0.5714285714285714,0.8015873015873016,527796
4.820095062255859,0.0067899227142333984,0.297872340425532,1.8189894035458565e-12,0.7261904761904762,0.7936507936507936,527796
4.790323257446289,0.007441997528076172,0.19999999999999998,1.8189894035458565e-12,0.8214285714285714,0.8015873015873016,527796
5.1487877368927,0.006756305694580078,0.1875,1.8189894035458565e-12,0.8571428571428571,0.7936507936507936,527796
4.922654151916504,0.006491661071777344,0.46774193548388643,1.8189894035458565e-12,0.5476190476190477,0.7936507936507936,527796
4.9579668045043945,0.007097959518432617,0.19148936170212766,1.8189894035458565e-12,0.8452380952380952,0.8015873015873016,527796
4.855847358703613,0.00790715217590332,0.1875,1.8189894035458565e-12,0.8571428571428571,0.8015873015873016,527796
5.323714733123779,0.004859447479248047,0.34,1.8189894035458565e-12,0.6904761904761905,0.7936507936507936,527796
5.544507741928101,0.0052568912506103516,0.21428571428579346,1.8189894035458565e-12,0.7857142857142857,0.7936507936507936,527796
5.618559837341309,0.004792690277099609,0.3125,1.8189894035458565e-12,0.7142857142857143,0.8015873015873016,527796
5.528522968292236,0.0050351619720458984,0.4000000000000054,1.8189894035458565e-12,0.6309523809523809,0.7936507936507936,527796
5.410726308822632,0.0043392181396484375,0.3653846153851055,1.8189894035458565e-12,0.6666666666666666,0.8015873015873016,527796
5.4755330085754395,0.004675388336181641,0.19148936170212766,1.8189894035458565e-12,0.8452380952380952,0.7857142857142857,527796
5.369831085205078,0.004605770111083984,0.4000000000000054,1.8189894035458565e-12,0.6309523809523809,0.7936507936507936,527796
5.296115159988403,0.005181312561035156,0.45,1.8189894035458565e-12,0.5714285714285714,0.8015873015873016,527796
5.619597911834717,0.007032871246337891,0.2826086956521744,1.8189894035458565e-12,0.7380952380952381,0.8015873015873016,527796
4.98723578453064,0.007018566131591797,0.34,1.8189894035458565e-12,0.6904761904761905,0.7936507936507936,527796
5.238340616226196,0.006256580352783203,0.18367346938775508,1.8189894035458565e-12,0.8690476190476191,0.8015873015873016,527796
4.917406320571899,0.007302284240722656,0.47619047619047666,1.8189894035458565e-12,0.5357142857142857,0.7936507936507936,527796
5.182312250137329,0.0059278011322021484,0.37735849056616155,1.8189894035458565e-12,0.6547619047619048,0.7936507936507936,527796
5.332093000411987,0.006331920623779297,0.3529411764705882,1.8189894035458565e-12,0.6785714285714286,0.7936507936507936,527796
5.246451139450073,0.005880117416381836,0.34,1.8189894035458565e-12,0.6904761904761905,0.7936507936507936,527796
5.200636625289917,0.006658077239990234,0.4477611940298507,1.8189894035458565e-12,0.5833333333333334,0.8015873015873016,657486
5.649507284164429,0.005431175231933594,0.4477611940298507,1.8189894035458565e-12,0.5833333333333334,0.8015873015873016,657486
5.340484857559204,0.006589412689208984,0.4558823529416437,1.8189894035458565e-12,0.5714285714285714,0.7936507936507936,657486
5.423748731613159,0.007066488265991211,0.43076923076923074,1.8189894035458565e-12,0.6071428571428571,0.7936507936507936,657486
5.539701700210571,0.005237102508544922,0.513157894736842,1.8189894035458565e-12,0.47619047619047616,0.8015873015873016,657486
5.487741947174072,0.005024909973144531,0.3508771929824561,1.8189894035458565e-12,0.7023809523809523,0.7936507936507936,657486
5.511196613311768,0.0051577091217041016,0.5256410256410257,1.8189894035458565e-12,0.4523809523809524,0.7936507936507936,657486
5.449183940887451,0.011419534683227539,0.46376811594208434,1.8189894035458565e-12,0.5595238095238095,0.8015873015873016,657486
5.836901664733887,0.0054781436920166016,0.4931506849316671,1.8189894035458565e-12,0.5119047619047619,0.8015873015873016,657486
5.303018093109131,0.007150411605834961,0.4931506849316671,1.8189894035458565e-12,0.5119047619047619,0.7936507936507936,657486
5.271588325500488,0.00627899169921875,0.5316455696202532,1.8189894035458565e-12,0.44047619047619047,0.8015873015873016,657486
5.457561492919922,0.005812644958496094,0.40322580645161615,1.8189894035458565e-12,0.6428571428571429,0.7936507936507936,657486
5.598191976547241,0.005482673645019531,0.3620689655169395,1.8189894035458565e-12,0.6904761904761905,0.8015873015873016,657486
5.563300371170044,0.005472898483276367,0.5194805194805195,1.8189894035458565e-12,0.4642857142857143,0.8015873015873016,657486
5.613407611846924,0.005330562591552734,0.46376811594208434,1.8189894035458565e-12,0.5595238095238095,0.7936507936507936,657486
5.78197169303894,0.006525993347167969,0.43076923076923074,1.8189894035458565e-12,0.6071428571428571,0.7936507936507936,657486
4.987707614898682,0.0062084197998046875,0.4218750000000001,1.8189894035458565e-12,0.6190476190476191,0.8015873015873016,657486
5.018965482711792,0.007031679153442383,0.513157894736842,1.8189894035458565e-12,0.47619047619047616,0.7936507936507936,657486
5.04280948638916,0.0077593326568603516,0.4861111111111111,1.8189894035458565e-12,0.5238095238095238,0.8015873015873016,657486
5.3942859172821045,0.004339933395385742,0.4714285714285754,1.8189894035458565e-12,0.5476190476190477,0.7936507936507936,657486
5.50719428062439,0.004917144775390625,0.4558823529416437,1.8189894035458565e-12,0.5714285714285714,0.7936507936507936,657486
5.436710596084595,0.004401206970214844,0.43076923076923074,1.8189894035458565e-12,0.6071428571428571,0.7936507936507936,657486
5.564547777175903,0.00547027587890625,0.4558823529416437,1.8189894035458565e-12,0.5714285714285714,0.7936507936507936,657486
5.365220785140991,0.006529331207275391,0.3833333333333918,1.8189894035458565e-12,0.6666666666666666,0.8095238095238095,657486
5.321996450424194,0.0064313411712646484,0.41269841269841334,1.8189894035458565e-12,0.6309523809523809,0.8015873015873016,657486
5.337835311889648,0.006002664566040039,0.4393939393939394,1.8189894035458565e-12,0.5952380952380952,0.8015873015873016,657486
5.395495653152466,0.0055217742919921875,0.4861111111111111,1.8189894035458565e-12,0.5238095238095238,0.8015873015873016,657486
5.348978281021118,0.005387783050537109,0.4931506849316671,1.8189894035458565e-12,0.5119047619047619,0.7936507936507936,657486
5.617914438247681,0.005064964294433594,0.5256410256410257,1.8189894035458565e-12,0.4523809523809524,0.7936507936507936,657486
5.172956943511963,0.00829005241394043,0.11627906976744186,1.8189894035458565e-12,0.8928571428571429,0.7936507936507936,966655
5.422320127487183,0.007233858108520508,0.11627906976744186,1.8189894035458565e-12,0.8928571428571429,0.8015873015873016,966655
5.485836982727051,0.005774021148681641,0.11627906976744186,1.8189894035458565e-12,0.8928571428571429,0.8015873015873016,966655
5.2233641147613525,0.0073659420013427734,0.10638297872340426,1.8189894035458565e-12,0.9404761904761905,0.7936507936507936,966655
5.577645540237427,0.0074498653411865234,0.11627906976744186,1.8189894035458565e-12,0.8928571428571429,0.8015873015873016,966655
5.538833141326904,0.005989551544189453,0.30188679245283023,1.8189894035458565e-12,0.75,0.7936507936507936,966655
5.513127326965332,0.0059049129486083984,0.11904761904761907,1.8189894035458565e-12,0.8809523809523809,0.7936507936507936,966655
5.927298069000244,0.006022930145263672,0.3620689655169395,1.8189894035458565e-12,0.6904761904761905,0.8015873015873016,966655
5.684784173965454,0.006050586700439453,0.28846153846153866,1.8189894035458565e-12,0.7619047619047619,0.7936507936507936,966655
5.713482618331909,0.0057070255279541016,0.19565217391328926,1.8189894035458565e-12,0.8333333333333334,0.7936507936507936,966655
5.709227800369263,0.00643157958984375,0.10638297872340426,1.8189894035458565e-12,0.9404761904761905,0.8015873015873016,966655
5.704789638519287,0.006214141845703125,0.37288135593241456,1.8189894035458565e-12,0.6785714285714286,0.7936507936507936,966655
6.112409353256226,0.006062507629394531,0.37288135593241456,1.8189894035458565e-12,0.6785714285714286,0.8015873015873016,966655
5.723133325576782,0.005686521530151367,0.10869565217391303,1.8189894035458565e-12,0.9285714285714286,0.7936507936507936,966655
5.7634360790252686,0.005019664764404297,0.10638297872340426,1.8189894035458565e-12,0.9404761904761905,0.8015873015873016,966655
5.5690131187438965,0.006103038787841797,0.10638297872340426,1.8189894035458565e-12,0.9404761904761905,0.7936507936507936,966655
5.9476776123046875,0.006567478179931641,0.17777777777744141,1.8189894035458565e-12,0.8452380952380952,0.7936507936507936,966655
4.505250930786133,0.00869131088256836,0.2600000000000029,1.8189894035458565e-12,0.7857142857142857,0.8015873015873016,966655
4.774798393249512,0.008510589599609375,0.31481481481481477,1.8189894035458565e-12,0.7380952380952381,0.8015873015873016,966655
5.3211283683776855,0.0045583248138427734,0.10638297872340426,1.8189894035458565e-12,0.9404761904761905,0.8015873015873016,966655
5.325838327407837,0.005112409591674805,0.10638297872340426,1.8189894035458565e-12,0.9404761904761905,0.7936507936507936,966655
5.4788126945495605,0.004422426223754883,0.21276595744689578,1.8189894035458565e-12,0.8214285714285714,0.7936507936507936,966655
5.28272557258606,0.006375312805175781,0.10638297872340426,1.8189894035458565e-12,0.9404761904761905,0.8015873015873016,966655
5.205054998397827,0.009322643280029297,0.1395348837209303,1.8189894035458565e-12,0.8690476190476191,0.7936507936507936,966655
5.4289326667785645,0.005882978439331055,0.10638297872340426,1.8189894035458565e-12,0.9404761904761905,0.7936507936507936,966655
5.2805259227752686,0.006861209869384766,0.33928571428571425,1.8189894035458565e-12,0.7142857142857143,0.8015873015873016,966655
5.4283435344696045,0.006562948226928711,0.27450980392156954,1.8189894035458565e-12,0.7738095238095238,0.7936507936507936,966655
5.402169466018677,0.0062351226806640625,0.24489795918368304,1.8189894035458565e-12,0.7976190476190477,0.8015873015873016,966655
5.340192556381226,0.00667262077331543,0.10638297872340426,1.8189894035458565e-12,0.9404761904761905,0.7936507936507936,966655
5.092635631561279,0.01038503646850586,0.18604651162790697,1.8189894035458565e-12,0.8214285714285714,0.8015873015873016,342329
5.876796245574951,0.0054934024810791016,0.3333333333333333,1.8189894035458565e-12,0.7023809523809523,0.8015873015873016,342329
5.490795612335205,0.006452798843383789,0.29166666666666685,1.8189894035458565e-12,0.7380952380952381,0.8015873015873016,342329
5.751718282699585,0.005144834518432617,0.17777777777777778,1.8189894035458565e-12,0.8452380952380952,0.7936507936507936,342329
5.378998756408691,0.0067937374114990234,0.4137931034482764,1.8189894035458565e-12,0.6190476190476191,0.8015873015873016,342329
5.807106971740723,0.004969596862792969,0.5072463768115941,1.8189894035458565e-12,0.4880952380952381,0.8015873015873016,342329
5.848624229431152,0.005437135696411133,0.48484848484848486,1.8189894035458565e-12,0.5238095238095238,0.7936507936507936,342329
5.451983451843262,0.0061299800872802734,0.4603174603176093,1.8189894035458565e-12,0.5595238095238095,0.7936507936507936,342329
5.522533416748047,0.0060460567474365234,0.4687500000000108,1.8189894035458565e-12,0.5476190476190477,0.8015873015873016,342329
5.493650674819946,0.006184816360473633,0.44262295081967207,1.8189894035458565e-12,0.5833333333333334,0.8015873015873016,342329
5.841078758239746,0.005029916763305664,0.18604651162790697,1.8189894035458565e-12,0.8214285714285714,0.8015873015873016,342329
5.058694124221802,0.006046295166015625,0.17777777777777778,1.8189894035458565e-12,0.8452380952380952,0.8015873015873016,342329
5.335433721542358,0.005853414535522461,0.3928571428571587,1.8189894035458565e-12,0.6428571428571429,0.8015873015873016,342329
4.985877752304077,0.006628990173339844,0.24444444444445437,1.8189894035458565e-12,0.7738095238095238,0.8015873015873016,342329
5.380213022232056,0.005388736724853516,0.29166666666666685,1.8189894035458565e-12,0.7380952380952381,0.7936507936507936,342329
5.097426176071167,0.007071495056152344,0.18604651162790697,1.8189894035458565e-12,0.8214285714285714,0.8015873015873016,342329
5.187977313995361,0.006811380386352539,0.18181818181818182,1.8189894035458565e-12,0.8333333333333334,0.7936507936507936,342329
5.185343980789185,0.006375312805175781,0.42372881355932207,1.8189894035458565e-12,0.6071428571428571,0.8015873015873016,342329
5.147994041442871,0.006419181823730469,0.5211267605633804,1.8189894035458565e-12,0.4642857142857143,0.7936507936507936,342329
5.416447162628174,0.0050792694091796875,0.24444444444445437,1.8189894035458565e-12,0.7738095238095238,0.7936507936507936,342329
5.199804782867432,0.004480600357055664,0.34615384615384615,1.8189894035458565e-12,0.6904761904761905,0.7936507936507936,342329
5.282263517379761,0.004666328430175781,0.4516129032258064,1.8189894035458565e-12,0.5714285714285714,0.7936507936507936,342329
5.3689258098602295,0.00606846809387207,0.19047619047652092,1.8189894035458565e-12,0.8095238095238095,0.7936507936507936,342329
5.3238608837127686,0.005387544631958008,0.48484848484848486,1.8189894035458565e-12,0.5238095238095238,0.7936507936507936,342329
5.180298089981079,0.006662607192993164,0.17391304347826086,1.8189894035458565e-12,0.8571428571428571,0.8015873015873016,342329
5.422265291213989,0.0050580501556396484,0.49253731343312473,1.8189894035458565e-12,0.5119047619047619,0.8015873015873016,342329
5.534608840942383,0.00556182861328125,0.4137931034482764,1.8189894035458565e-12,0.6190476190476191,0.7936507936507936,342329
5.452137231826782,0.005793094635009766,0.3584905660377358,1.8189894035458565e-12,0.6785714285714286,0.7936507936507936,342329
5.60948634147644,0.00463557243347168,0.3333333333333333,1.8189894035458565e-12,0.7023809523809523,0.8015873015873016,342329
5.693951368331909,0.00568079948425293,0.21276595744680848,1.8189894035458565e-12,0.8214285714285714,0.7936507936507936,278135
5.338383913040161,0.005921125411987305,0.4181818181818184,1.8189894035458565e-12,0.6071428571428571,0.8015873015873016,278135
5.568575859069824,0.0070149898529052734,0.43859649122807015,1.8189894035458565e-12,0.5833333333333334,0.8015873015873016,278135
5.777505874633789,0.004548072814941406,0.19607843137254902,1.8189894035458565e-12,0.8690476190476191,0.7936507936507936,278135
5.495368003845215,0.008301496505737305,0.43859649122807015,1.8189894035458565e-12,0.5833333333333334,0.8015873015873016,278135
5.825849294662476,0.004892587661743164,0.43859649122807015,1.8189894035458565e-12,0.5833333333333334,0.8015873015873016,278135
5.497272491455078,0.006372928619384766,0.407407407407409,1.8189894035458565e-12,0.6190476190476191,0.7936507936507936,278135
5.316499471664429,0.006583452224731445,0.45762711864437056,1.8189894035458565e-12,0.5595238095238095,0.7936507936507936,278135
5.721843242645264,0.004361629486083984,0.5616438356164384,1.8189894035458565e-12,0.39285714285714285,0.7936507936507936,278135
5.544070482254028,0.005784273147583008,0.39622641509434925,1.8189894035458565e-12,0.6309523809523809,0.7936507936507936,278135
5.688658952713013,0.005227088928222656,0.19607843137254902,1.8189894035458565e-12,0.8690476190476191,0.7936507936507936,278135
5.657930374145508,0.005067348480224609,0.5555555555555556,1.8189894035458565e-12,0.40476190476190477,0.8015873015873016,278135
5.75787615776062,0.004972219467163086,0.4920634920639328,1.8189894035458565e-12,0.5,0.8015873015873016,278135
5.884390830993652,0.00504755973815918,0.35999999999986587,1.8189894035458565e-12,0.6666666666666666,0.7936507936507936,278135
5.897258996963501,0.005036115646362305,0.27272727272727365,1.8189894035458565e-12,0.7380952380952381,0.7936507936507936,278135
5.763704538345337,0.005008697509765625,0.19607843137254902,1.8189894035458565e-12,0.8690476190476191,0.8015873015873016,278135
5.914132595062256,0.0048885345458984375,0.2040816326530612,1.8189894035458565e-12,0.8452380952380952,0.7936507936507936,278135
5.89448094367981,0.0053021907806396484,0.44827586206896547,1.8189894035458565e-12,0.5714285714285714,0.7936507936507936,278135
5.79288387298584,0.004723310470581055,0.5362318840579711,1.8189894035458565e-12,0.44047619047619047,0.8015873015873016,278135
4.815451383590698,0.011520147323608398,0.25581395348837616,1.8189894035458565e-12,0.75,0.8015873015873016,278135
4.958289384841919,0.007822036743164062,0.21739130434782608,1.8189894035458565e-12,0.8095238095238095,0.8015873015873016,278135
5.258923053741455,0.007770061492919922,0.4181818181818184,1.8189894035458565e-12,0.6071428571428571,0.8015873015873016,278135
5.373716354370117,0.005997180938720703,0.1923076923076923,1.8189894035458565e-12,0.8809523809523809,0.8015873015873016,278135
5.5167396068573,0.005647420883178711,0.45762711864437056,1.8189894035458565e-12,0.5595238095238095,0.7936507936507936,278135
5.465400457382202,0.005415439605712891,0.20833333333333334,1.8189894035458565e-12,0.8333333333333334,0.8015873015873016,278135
5.607696056365967,0.005289554595947266,0.384615384615434,1.8189894035458565e-12,0.6428571428571429,0.7936507936507936,278135
5.526643991470337,0.005546092987060547,0.4181818181818184,1.8189894035458565e-12,0.6071428571428571,0.8015873015873016,278135
5.425084114074707,0.006173372268676758,0.5492957746478874,1.8189894035458565e-12,0.4166666666666667,0.7936507936507936,278135
5.637228965759277,0.005040884017944336,0.407407407407409,1.8189894035458565e-12,0.6190476190476191,0.7936507936507936,278135
5.357316017150879,0.007308006286621094,0.20833333333333334,1.8189894035458565e-12,0.8333333333333334,0.8015873015873016,937904
5.471712589263916,0.006262540817260742,0.47540983606557446,1.8189894035458565e-12,0.5357142857142857,0.7936507936507936,937904
5.634712219238281,0.005879402160644531,0.45762711864437056,1.8189894035458565e-12,0.5595238095238095,0.7936507936507936,937904
5.258875846862793,0.00735020637512207,0.3191489361702128,1.8189894035458565e-12,0.7023809523809523,0.7936507936507936,937904
5.5158185958862305,0.0061740875244140625,0.43859649122807015,1.8189894035458565e-12,0.5833333333333334,0.8015873015873016,937904
5.840616941452026,0.00643610954284668,0.25581395348837616,1.8189894035458565e-12,0.75,0.7936507936507936,937904
5.4580559730529785,0.006360054016113281,0.5223880597014925,1.8189894035458565e-12,0.4642857142857143,0.7936507936507936,937904
5.669671297073364,0.0066051483154296875,0.25581395348837616,1.8189894035458565e-12,0.75,0.8015873015873016,937904
5.811227798461914,0.006968259811401367,0.5223880597014925,1.8189894035458565e-12,0.4642857142857143,0.7936507936507936,937904
5.9736902713775635,0.007038593292236328,0.39622641509434925,1.8189894035458565e-12,0.6428571428571429,0.8015873015873016,937904
5.964522123336792,0.006997108459472656,0.45762711864437056,1.8189894035458565e-12,0.5595238095238095,0.7936507936507936,937904
5.641275882720947,0.0067708492279052734,0.5492957746478874,1.8189894035458565e-12,0.4166666666666667,0.7936507936507936,937904
5.995859384536743,0.0056552886962890625,0.28888888888888914,1.8189894035458565e-12,0.7261904761904762,0.8015873015873016,937904
6.052858352661133,0.006022453308105469,0.3043478260869566,1.8189894035458565e-12,0.7142857142857143,0.8015873015873016,937904
4.88406777381897,0.008994579315185547,0.44827586206896547,1.8189894035458565e-12,0.5714285714285714,0.7936507936507936,937904
5.003929615020752,0.007841110229492188,0.48387096774193544,1.8189894035458565e-12,0.5238095238095238,0.7936507936507936,937904
4.984936475753784,0.007825851440429688,0.21739130434782608,1.8189894035458565e-12,0.8095238095238095,0.7936507936507936,937904
5.542847394943237,0.004672050476074219,0.44067796610169496,1.8189894035458565e-12,0.5833333333333334,0.8015873015873016,937904
5.441759347915649,0.0043354034423828125,0.45762711864437056,1.8189894035458565e-12,0.5595238095238095,0.8015873015873016,937904
5.524111986160278,0.004259586334228516,0.5,1.8189894035458565e-12,0.5,0.7936507936507936,937904
5.580323934555054,0.004319429397583008,0.43859649122807015,1.8189894035458565e-12,0.5833333333333334,0.7936507936507936,937904
5.537603855133057,0.004564523696899414,0.4181818181818184,1.8189894035458565e-12,0.6071428571428571,0.7936507936507936,937904
5.548861742019653,0.005783796310424805,0.37735849056616155,1.8189894035458565e-12,0.6547619047619048,0.8015873015873016,937904
5.172065496444702,0.00712895393371582,0.47540983606557446,1.8189894035458565e-12,0.5357142857142857,0.8015873015873016,937904
5.401147365570068,0.005506277084350586,0.407407407407409,1.8189894035458565e-12,0.6190476190476191,0.7936507936507936,937904
5.44247841835022,0.0066111087799072266,0.32653061224489793,1.8189894035458565e-12,0.7023809523809523,0.8015873015873016,937904
5.447014331817627,0.006763458251953125,0.35999999999986587,1.8189894035458565e-12,0.6785714285714286,0.7936507936507936,937904
5.35524320602417,0.007227420806884766,0.43859649122807015,1.8189894035458565e-12,0.5833333333333334,0.7936507936507936,937904
5.070176362991333,0.008413076400756836,0.5362318840579711,1.8189894035458565e-12,0.44047619047619047,0.8015873015873016,937904
4.980487585067749,0.00963449478149414,0.3023255813953489,1.8189894035458565e-12,0.7023809523809523,0.7936507936507936,151985
5.581451416015625,0.006109952926635742,0.28260869565217395,1.8189894035458565e-12,0.7380952380952381,0.7936507936507936,151985
5.937002658843994,0.004683256149291992,0.28260869565217395,1.8189894035458565e-12,0.7380952380952381,0.8015873015873016,151985
5.436382532119751,0.0066106319427490234,0.4912280701753135,1.8189894035458565e-12,0.5119047619047619,0.7936507936507936,151985
5.998981952667236,0.004575490951538086,0.2765957446808511,1.8189894035458565e-12,0.75,0.7936507936507936,151985
5.6731181144714355,0.005753278732299805,0.3023255813953489,1.8189894035458565e-12,0.7023809523809523,0.8015873015873016,151985
5.485222816467285,0.008187294006347656,0.4081632653061238,1.8189894035458565e-12,0.6071428571428571,0.8015873015873016,151985
5.8685009479522705,0.005070209503173828,0.2888888888888889,1.8189894035458565e-12,0.7261904761904762,0.7936507936507936,151985
5.686668157577515,0.005210399627685547,0.25490196078431376,1.8189894035458565e-12,0.7976190476190477,0.8015873015873016,151985
5.892432689666748,0.004701137542724609,0.4629629629630333,1.8189894035458565e-12,0.5476190476190477,0.7936507936507936,151985
5.480571985244751,0.007590532302856445,0.47272727272727516,1.8189894035458565e-12,0.5357142857142857,0.8015873015873016,151985
5.945474624633789,0.004778385162353516,0.24074074074074076,1.8189894035458565e-12,0.8333333333333334,0.8015873015873016,151985
5.902857065200806,0.004696369171142578,0.3023255813953489,1.8189894035458565e-12,0.7023809523809523,0.7936507936507936,151985
5.883271217346191,0.005973100662231445,0.24528301886792456,1.8189894035458565e-12,0.8214285714285714,0.8015873015873016,151985
5.707641839981079,0.005697965621948242,0.44230769230769224,1.8189894035458565e-12,0.5714285714285714,0.8015873015873016,151985
5.94196629524231,0.0049021244049072266,0.2765957446808511,1.8189894035458565e-12,0.75,0.7936507936507936,151985
5.979129791259766,0.00530695915222168,0.3095238095238096,1.8189894035458565e-12,0.6904761904761905,0.7936507936507936,151985
6.056045770645142,0.004675626754760742,0.3958333333333436,1.8189894035458565e-12,0.6190476190476191,0.7936507936507936,151985
6.074766159057617,0.0049591064453125,0.2352941176470588,1.8189894035458565e-12,0.8214285714285714,0.8015873015873016,151985
5.38301420211792,0.006093025207519531,0.44230769230769224,1.8189894035458565e-12,0.5714285714285714,0.8015873015873016,151985
5.0744805335998535,0.006074428558349609,0.5245901639344263,1.8189894035458565e-12,0.4642857142857143,0.8015873015873016,151985
5.103046894073486,0.0063419342041015625,0.28260869565217395,1.8189894035458565e-12,0.7380952380952381,0.7936507936507936,151985
5.238032102584839,0.006273984909057617,0.3023255813953489,1.8189894035458565e-12,0.7023809523809523,0.7936507936507936,151985
5.391963243484497,0.006521701812744141,0.25,1.8189894035458565e-12,0.8095238095238095,0.8015873015873016,151985
5.791048049926758,0.004909038543701172,0.3409090909090909,1.8189894035458565e-12,0.6666666666666666,0.8015873015873016,151985
5.680665016174316,0.004957437515258789,0.2888888888888889,1.8189894035458565e-12,0.7261904761904762,0.7936507936507936,151985
5.469756364822388,0.005881786346435547,0.4528301886792006,1.8189894035458565e-12,0.5595238095238095,0.8015873015873016,151985
5.332895755767822,0.0064525604248046875,0.3829787234043165,1.8189894035458565e-12,0.6309523809523809,0.7936507936507936,151985
5.759595632553101,0.004613399505615234,0.3829787234043165,1.8189894035458565e-12,0.6309523809523809,0.7936507936507936,151985
5.994593143463135,0.005212306976318359,0.27272727272727365,1.8189894035458565e-12,0.7380952380952381,0.7936507936507936,918136
5.716906309127808,0.006768226623535156,0.43859649122807015,1.8189894035458565e-12,0.5833333333333334,0.8015873015873016,918136
5.77092981338501,0.005906343460083008,0.3043478260869566,1.8189894035458565e-12,0.7142857142857143,0.8015873015873016,918136
5.8858561515808105,0.005233049392700195,0.5555555555555556,1.8189894035458565e-12,0.40476190476190477,0.8015873015873016,918136
6.049609422683716,0.005224466323852539,0.45762711864437056,1.8189894035458565e-12,0.5595238095238095,0.8015873015873016,918136
4.930199861526489,0.007201194763183594,0.28888888888888914,1.8189894035458565e-12,0.7261904761904762,0.7936507936507936,918136
5.72907567024231,0.005761623382568359,0.45762711864437056,1.8189894035458565e-12,0.5595238095238095,0.8015873015873016,918136
5.839706659317017,0.00570368766784668,0.384615384615434,1.8189894035458565e-12,0.6428571428571429,0.8015873015873016,918136
5.630304336547852,0.007063627243041992,0.2040816326530612,1.8189894035458565e-12,0.8452380952380952,0.8015873015873016,918136
5.88170599937439,0.005228757858276367,0.47540983606557446,1.8189894035458565e-12,0.5357142857142857,0.7936507936507936,918136
5.898320198059082,0.005330562591552734,0.4285714285714286,1.8189894035458565e-12,0.5952380952380952,0.7936507936507936,918136
5.876316070556641,0.005103349685668945,0.19607843137254902,1.8189894035458565e-12,0.8690476190476191,0.7936507936507936,918136
5.633940696716309,0.006097078323364258,0.3725490196080626,1.8189894035458565e-12,0.6547619047619048,0.7936507936507936,918136
5.929540634155273,0.005139827728271484,0.19999999999999998,1.8189894035458565e-12,0.8571428571428571,0.7936507936507936,918136
5.828527212142944,0.004770517349243164,0.47540983606557446,1.8189894035458565e-12,0.5357142857142857,0.8015873015873016,918136
5.960505485534668,0.0050983428955078125,0.5428571428571428,1.8189894035458565e-12,0.42857142857142855,0.7936507936507936,918136
5.893497467041016,0.005181074142456055,0.21739130434782608,1.8189894035458565e-12,0.8095238095238095,0.7936507936507936,918136
5.437711000442505,0.0043718814849853516,0.2325581395348837,1.8189894035458565e-12,0.7738095238095238,0.7936507936507936,918136
5.553345441818237,0.004832267761230469,0.21276595744680848,1.8189894035458565e-12,0.8214285714285714,0.7936507936507936,918136
5.373687505722046,0.0066623687744140625,0.22727272727272727,1.8189894035458565e-12,0.7857142857142857,0.7936507936507936,918136
5.115522623062134,0.007207632064819336,0.5294117647058824,1.8189894035458565e-12,0.4523809523809524,0.8015873015873016,918136
5.537592172622681,0.00554656982421875,0.3043478260869566,1.8189894035458565e-12,0.7142857142857143,0.8015873015873016,918136
5.429861307144165,0.007851362228393555,0.4285714285714286,1.8189894035458565e-12,0.5952380952380952,0.7936507936507936,918136
5.659125804901123,0.005644798278808594,0.22727272727272727,1.8189894035458565e-12,0.7857142857142857,0.8015873015873016,918136
5.654403924942017,0.005213737487792969,0.22727272727272727,1.8189894035458565e-12,0.7857142857142857,0.7936507936507936,918136
5.627254247665405,0.005345821380615234,0.28888888888888914,1.8189894035458565e-12,0.7261904761904762,0.7936507936507936,918136
5.7041285037994385,0.005219221115112305,0.4285714285714286,1.8189894035458565e-12,0.5952380952380952,0.8015873015873016,918136
5.86981463432312,0.005198955535888672,0.4181818181818184,1.8189894035458565e-12,0.6071428571428571,0.8015873015873016,918136
5.6840574741363525,0.004734039306640625,0.4666666666666888,1.8189894035458565e-12,0.5476190476190477,0.8015873015873016,918136
5.0170676708221436,0.00980687141418457,0.3653846153851055,1.8189894035458565e-12,0.6666666666666666,0.7936507936507936,395129
5.188534498214722,0.007916450500488281,0.18,1.8189894035458565e-12,0.8809523809523809,0.8015873015873016,395129
5.520982503890991,0.007424831390380859,0.1764705882352941,1.8189894035458565e-12,0.8928571428571429,0.7936507936507936,395129
5.863790512084961,0.00606989860534668,0.1764705882352941,1.8189894035458565e-12,0.8928571428571429,0.7936507936507936,395129
5.426313161849976,0.007179737091064453,0.16666666666666666,1.8189894035458565e-12,0.8809523809523809,0.8015873015873016,395129
5.640725135803223,0.005827903747558594,0.19565217391304346,1.8189894035458565e-12,0.8333333333333334,0.8015873015873016,395129
5.488026857376099,0.0065648555755615234,0.19999999999999998,1.8189894035458565e-12,0.8214285714285714,0.8015873015873016,395129
6.132120370864868,0.005726814270019531,0.1875,1.8189894035458565e-12,0.8571428571428571,0.7936507936507936,395129
5.7818603515625,0.006676912307739258,0.2826086956521744,1.8189894035458565e-12,0.7380952380952381,0.7936507936507936,395129
5.71938681602478,0.005934953689575195,0.297872340425532,1.8189894035458565e-12,0.7261904761904762,0.7936507936507936,395129
4.760591983795166,0.008333683013916016,0.18,1.8189894035458565e-12,0.8809523809523809,0.7936507936507936,395129
4.779549837112427,0.008280754089355469,0.2826086956521744,1.8189894035458565e-12,0.7380952380952381,0.7936507936507936,395129
4.798279523849487,0.006604433059692383,0.2500000000000064,1.8189894035458565e-12,0.7619047619047619,0.7936507936507936,395129
4.79763388633728,0.006289958953857422,0.19999999999999998,1.8189894035458565e-12,0.8214285714285714,0.8015873015873016,395129
4.7914698123931885,0.0076732635498046875,0.19148936170212766,1.8189894035458565e-12,0.8452380952380952,0.7936507936507936,395129
5.462205171585083,0.0053157806396484375,0.23255813953490714,1.8189894035458565e-12,0.7738095238095238,0.8015873015873016,395129
5.369381427764893,0.0043871402740478516,0.1764705882352941,1.8189894035458565e-12,0.8928571428571429,0.8015873015873016,395129
5.51170539855957,0.004656314849853516,0.32653061224489793,1.8189894035458565e-12,0.7023809523809523,0.8015873015873016,395129
5.387646436691284,0.00448918342590332,0.34,1.8189894035458565e-12,0.6904761904761905,0.8015873015873016,395129
5.439785718917847,0.005010366439819336,0.19148936170212766,1.8189894035458565e-12,0.8452380952380952,0.7936507936507936,395129
5.2971556186676025,0.0047724246978759766,0.2500000000000064,1.8189894035458565e-12,0.7619047619047619,0.8015873015873016,395129
5.317307949066162,0.00438690185546875,0.26666666666666833,1.8189894035458565e-12,0.75,0.8015873015873016,395129
5.488969802856445,0.006360292434692383,0.20930232558139533,1.8189894035458565e-12,0.7976190476190477,0.7936507936507936,395129
5.079131603240967,0.006613969802856445,0.3125,1.8189894035458565e-12,0.7142857142857143,0.7936507936507936,395129
5.202928066253662,0.00677800178527832,0.18367346938775508,1.8189894035458565e-12,0.8809523809523809,0.7936507936507936,395129
5.248179197311401,0.006205320358276367,0.26666666666666833,1.8189894035458565e-12,0.75,0.8015873015873016,395129
5.41121506690979,0.007859230041503906,0.22727272727276096,1.8189894035458565e-12,0.7857142857142857,0.8015873015873016,395129
5.34883713722229,0.007920026779174805,0.1875,1.8189894035458565e-12,0.8571428571428571,0.8015873015873016,395129
5.384005308151245,0.0058248043060302734,0.1764705882352941,1.8189894035458565e-12,0.8928571428571429,0.7936507936507936,395129
4.266997337341309,0.00889134407043457,0.4318181818181818,1.8189894035458565e-12,0.5714285714285714,0.8015873015873016,561993
5.876379013061523,0.006566286087036133,0.33999999999999997,1.8189894035458565e-12,0.6904761904761905,0.8015873015873016,561993
5.234398126602173,0.007724285125732422,0.3090909090909091,1.8189894035458565e-12,0.75,0.8015873015873016,561993
5.354322195053101,0.008015871047973633,0.39534883720930225,1.8189894035458565e-12,0.6071428571428571,0.7936507936507936,561993
5.401449918746948,0.007652997970581055,0.38636363636363635,1.8189894035458565e-12,0.6190476190476191,0.8015873015873016,561993
5.918159008026123,0.0055980682373046875,0.37777777777777777,1.8189894035458565e-12,0.6309523809523809,0.8015873015873016,561993
5.541260480880737,0.007720947265625,0.489795918367347,1.8189894035458565e-12,0.5119047619047619,0.8015873015873016,561993
6.014514446258545,0.005852699279785156,0.3541666666666667,1.8189894035458565e-12,0.6666666666666666,0.8015873015873016,561993
5.858658075332642,0.0061130523681640625,0.4791666666666668,1.8189894035458565e-12,0.5238095238095238,0.7936507936507936,561993
5.948779106140137,0.00579833984375,0.489795918367347,1.8189894035458565e-12,0.5119047619047619,0.7936507936507936,561993
5.992291450500488,0.00599980354309082,0.3333333333333333,1.8189894035458565e-12,0.7023809523809523,0.7936507936507936,561993
6.07860255241394,0.004879951477050781,0.5192307692307693,1.8189894035458565e-12,0.47619047619047616,0.7936507936507936,561993
5.730069398880005,0.006172895431518555,0.3695652173913044,1.8189894035458565e-12,0.6428571428571429,0.8015873015873016,561993
5.840085029602051,0.007207393646240234,0.3090909090909091,1.8189894035458565e-12,0.75,0.7936507936507936,561993
5.691258430480957,0.00562596321105957,0.3333333333333333,1.8189894035458565e-12,0.7023809523809523,0.8015873015873016,561993
6.009212970733643,0.005980968475341797,0.45652173913083427,1.8189894035458565e-12,0.5476190476190477,0.8015873015873016,561993
6.0852344036102295,0.005869626998901367,0.3090909090909091,1.8189894035458565e-12,0.75,0.8015873015873016,561993
5.790341138839722,0.0060901641845703125,0.5283018867924528,1.8189894035458565e-12,0.4642857142857143,0.7936507936507936,561993
6.200048923492432,0.004734516143798828,0.5098039215686274,1.8189894035458565e-12,0.4880952380952381,0.8015873015873016,561993
5.3575356006622314,0.004434823989868164,0.3541666666666667,1.8189894035458565e-12,0.6666666666666666,0.7936507936507936,561993
5.365927696228027,0.004070758819580078,0.5370370370370371,1.8189894035458565e-12,0.4523809523809524,0.8015873015873016,561993
5.538349390029907,0.004815816879272461,0.46808510638299244,1.8189894035458565e-12,0.5357142857142857,0.7936507936507936,561993
5.838870048522949,0.005541324615478516,0.4444444444444445,1.8189894035458565e-12,0.5595238095238095,0.8015873015873016,561993
5.482841968536377,0.0069599151611328125,0.46808510638299244,1.8189894035458565e-12,0.5357142857142857,0.7936507936507936,561993
5.495858669281006,0.0065500736236572266,0.3090909090909091,1.8189894035458565e-12,0.75,0.7936507936507936,561993
5.7240777015686035,0.005721569061279297,0.41860465116279094,1.8189894035458565e-12,0.5833333333333334,0.8015873015873016,561993
5.981679201126099,0.004972934722900391,0.5192307692307693,1.8189894035458565e-12,0.47619047619047616,0.7936507936507936,561993
5.814379930496216,0.005534172058105469,0.3090909090909091,1.8189894035458565e-12,0.75,0.8015873015873016,561993
5.8648388385772705,0.00709080696105957,0.3148148148148148,1.8189894035458565e-12,0.7380952380952381,0.8015873015873016,561993
4.731685161590576,0.007039070129394531,0.27906976744186046,1.8189894035458565e-12,0.7261904761904762,0.8015873015873016,998757
5.725705623626709,0.006039142608642578,0.3750000000001645,1.8189894035458565e-12,0.6428571428571429,0.8015873015873016,998757
5.732461452484131,0.0065152645111083984,0.45454545454509776,1.8189894035458565e-12,0.5595238095238095,0.7936507936507936,998757
5.804612636566162,0.005254507064819336,0.22641509433962262,1.8189894035458565e-12,0.8452380952380952,0.7936507936507936,998757
5.783515691757202,0.006043910980224609,0.3333333333333333,1.8189894035458565e-12,0.6785714285714286,0.8015873015873016,998757
5.7309250831604,0.005579471588134766,0.5454545454545454,1.8189894035458565e-12,0.42857142857142855,0.8015873015873016,998757
5.855725526809692,0.006384611129760742,0.4117647058823537,1.8189894035458565e-12,0.6071428571428571,0.8015873015873016,998757
5.870803356170654,0.005638599395751953,0.4642857142857615,1.8189894035458565e-12,0.5476190476190477,0.8015873015873016,998757
5.952656030654907,0.00528407096862793,0.5384615384615384,1.8189894035458565e-12,0.44047619047619047,0.7936507936507936,998757
6.046540021896362,0.005352020263671875,0.3750000000001645,1.8189894035458565e-12,0.6428571428571429,0.8015873015873016,998757
5.942775011062622,0.0058138370513916016,0.2222222222222222,1.8189894035458565e-12,0.8571428571428571,0.7936507936507936,998757
5.920197248458862,0.0052089691162109375,0.2608695652173913,1.8189894035458565e-12,0.7619047619047619,0.8015873015873016,998757
5.876756191253662,0.005327701568603516,0.5161290322580645,1.8189894035458565e-12,0.47619047619047616,0.8015873015873016,998757
5.794318675994873,0.00545954704284668,0.45454545454509776,1.8189894035458565e-12,0.5595238095238095,0.7936507936507936,998757
5.982965707778931,0.00526118278503418,0.34782608695652173,1.8189894035458565e-12,0.6666666666666666,0.7936507936507936,998757
6.181452751159668,0.004650592803955078,0.27272727272727276,1.8189894035458565e-12,0.7380952380952381,0.8015873015873016,998757
5.960153818130493,0.005484342575073242,0.2222222222222222,1.8189894035458565e-12,0.8571428571428571,0.8015873015873016,998757
5.78727650642395,0.006032705307006836,0.285714285714286,1.8189894035458565e-12,0.7142857142857143,0.8015873015873016,998757
4.886189937591553,0.010491371154785156,0.44444444444444453,1.8189894035458565e-12,0.5714285714285714,0.7936507936507936,998757
5.081929922103882,0.006811618804931641,0.27272727272727276,1.8189894035458565e-12,0.7380952380952381,0.8015873015873016,998757
5.532994508743286,0.004431724548339844,0.24,1.8189894035458565e-12,0.8095238095238095,0.8015873015873016,998757
5.529560089111328,0.004687309265136719,0.34782608695652173,1.8189894035458565e-12,0.6666666666666666,0.7936507936507936,998757
5.644396543502808,0.005831241607666016,0.22641509433962262,1.8189894035458565e-12,0.8452380952380952,0.8015873015873016,998757
5.45395302772522,0.006470918655395508,0.44444444444444453,1.8189894035458565e-12,0.5714285714285714,0.8015873015873016,998757
5.541628837585449,0.0061397552490234375,0.27272727272727276,1.8189894035458565e-12,0.7380952380952381,0.8015873015873016,998757
5.395185232162476,0.006631135940551758,0.4827586206896552,1.8189894035458565e-12,0.5238095238095238,0.8015873015873016,998757
5.2066650390625,0.0076198577880859375,0.36170212765929993,1.8189894035458565e-12,0.6547619047619048,0.8015873015873016,998757
5.627303600311279,0.006064414978027344,0.38775510204084873,1.8189894035458565e-12,0.6309523809523809,0.8015873015873016,998757
5.586109638214111,0.005493640899658203,0.4827586206896552,1.8189894035458565e-12,0.5238095238095238,0.8015873015873016,998757
4.127131700515747,0.007053375244140625,0.2545454545454545,1.8189894035458565e-12,0.8214285714285714,0.8015873015873016,863985
5.52172064781189,0.007411956787109375,0.25925925925925924,1.8189894035458565e-12,0.8095238095238095,0.7936507936507936,863985
5.770394802093506,0.005639314651489258,0.41666666666666696,1.8189894035458565e-12,0.5952380952380952,0.8015873015873016,863985
5.674615859985352,0.005705356597900391,0.2641509433962264,1.8189894035458565e-12,0.7976190476190477,0.8015873015873016,863985
5.810957431793213,0.005590677261352539,0.2830188679245283,1.8189894035458565e-12,0.7738095238095238,0.7936507936507936,863985
5.403716325759888,0.006859302520751953,0.25925925925925924,1.8189894035458565e-12,0.8095238095238095,0.7936507936507936,863985
5.7429115772247314,0.005559206008911133,0.3,1.8189894035458565e-12,0.75,0.7936507936507936,863985
5.673529386520386,0.005896091461181641,0.25925925925925924,1.8189894035458565e-12,0.8095238095238095,0.8015873015873016,863985
5.775453329086304,0.00587010383605957,0.25925925925925924,1.8189894035458565e-12,0.8095238095238095,0.8015873015873016,863985
5.690181016921997,0.005710601806640625,0.3488372093023256,1.8189894035458565e-12,0.6547619047619048,0.8015873015873016,863985
4.852644205093384,0.0052111148834228516,0.3111111111111111,1.8189894035458565e-12,0.7023809523809523,0.8015873015873016,863985
5.132861375808716,0.006460428237915039,0.25,1.8189894035458565e-12,0.8214285714285714,0.8015873015873016,863985
4.828125476837158,0.0063745975494384766,0.2830188679245283,1.8189894035458565e-12,0.7857142857142857,0.7936507936507936,863985
5.0796589851379395,0.005809783935546875,0.25,1.8189894035458565e-12,0.8333333333333334,0.8015873015873016,863985
4.8638916015625,0.00766754150390625,0.3191489361702128,1.8189894035458565e-12,0.7023809523809523,0.7936507936507936,863985
4.94623327255249,0.0059490203857421875,0.2978723404255319,1.8189894035458565e-12,0.7261904761904762,0.8015873015873016,863985
4.937971353530884,0.005707979202270508,0.26315789473684215,1.8189894035458565e-12,0.8214285714285714,0.7936507936507936,863985
5.40044379234314,0.004648447036743164,0.2884615384615385,1.8189894035458565e-12,0.7619047619047619,0.8015873015873016,863985
5.475745439529419,0.004597663879394531,0.36363636363595503,1.8189894035458565e-12,0.6428571428571429,0.8015873015873016,863985
5.332384347915649,0.004629850387573242,0.2641509433962264,1.8189894035458565e-12,0.7857142857142857,0.8015873015873016,863985
5.437902212142944,0.004631757736206055,0.29411764705882354,1.8189894035458565e-12,0.75,0.8015873015873016,863985
5.322537422180176,0.004635334014892578,0.29411764705882354,1.8189894035458565e-12,0.75,0.8015873015873016,863985
5.5945045948028564,0.005522966384887695,0.2830188679245283,1.8189894035458565e-12,0.7738095238095238,0.8015873015873016,863985
5.428170442581177,0.0055196285247802734,0.2830188679245283,1.8189894035458565e-12,0.7738095238095238,0.8015873015873016,863985
5.543420791625977,0.0072956085205078125,0.3913043478261068,1.8189894035458565e-12,0.6190476190476191,0.8015873015873016,863985
5.779754161834717,0.0057544708251953125,0.2777777777777778,1.8189894035458565e-12,0.7857142857142857,0.7936507936507936,863985
6.2392823696136475,0.0053958892822265625,0.2884615384615385,1.8189894035458565e-12,0.7619047619047619,0.7936507936507936,863985
5.495535850524902,0.006778717041015625,0.2777777777777778,1.8189894035458565e-12,0.7857142857142857,0.8015873015873016,863985
5.519399642944336,0.0065479278564453125,0.3571428571428571,1.8189894035458565e-12,0.6547619047619048,0.7936507936507936,863985
4.989178657531738,0.008513450622558594,0.27272727272727365,1.8189894035458565e-12,0.7380952380952381,0.8015873015873016,180679
5.971601247787476,0.006382942199707031,0.23809523809525393,1.8189894035458565e-12,0.7619047619047619,0.7936507936507936,180679
5.269735097885132,0.007071256637573242,0.3191489361702128,1.8189894035458565e-12,0.7023809523809523,0.8015873015873016,180679
4.893645286560059,0.008114099502563477,0.45762711864437056,1.8189894035458565e-12,0.5595238095238095,0.7936507936507936,180679
5.958245038986206,0.006122589111328125,0.27272727272727365,1.8189894035458565e-12,0.7380952380952381,0.8015873015873016,180679
5.799300670623779,0.006998777389526367,0.27272727272727365,1.8189894035458565e-12,0.7380952380952381,0.7936507936507936,180679
5.7991719245910645,0.0063779354095458984,0.407407407407409,1.8189894035458565e-12,0.6190476190476191,0.7936507936507936,180679
5.481731176376343,0.006681203842163086,0.346938775510204,1.8189894035458565e-12,0.6785714285714286,0.7936507936507936,180679
5.967787265777588,0.006042957305908203,0.21739130434782608,1.8189894035458565e-12,0.8095238095238095,0.8015873015873016,180679
4.264960527420044,0.009413003921508789,0.4666666666666888,1.8189894035458565e-12,0.5476190476190477,0.8015873015873016,180679
4.740706920623779,0.006646871566772461,0.43859649122807015,1.8189894035458565e-12,0.5833333333333334,0.8015873015873016,180679
4.463796615600586,0.007307529449462891,0.19607843137254902,1.8189894035458565e-12,0.8690476190476191,0.8015873015873016,180679
5.490884780883789,0.0048410892486572266,0.3191489361702128,1.8189894035458565e-12,0.7023809523809523,0.8015873015873016,180679
5.49383544921875,0.0044403076171875,0.19607843137254902,1.8189894035458565e-12,0.8690476190476191,0.8015873015873016,180679
5.573530673980713,0.005392313003540039,0.44827586206896547,1.8189894035458565e-12,0.5714285714285714,0.8015873015873016,180679
5.485739469528198,0.004497051239013672,0.48387096774193544,1.8189894035458565e-12,0.5238095238095238,0.7936507936507936,180679
5.26383376121521,0.004790067672729492,0.22727272727272727,1.8189894035458565e-12,0.7857142857142857,0.7936507936507936,180679
5.364588260650635,0.004934072494506836,0.28888888888888914,1.8189894035458565e-12,0.7261904761904762,0.8015873015873016,180679
5.30099630355835,0.004805564880371094,0.384615384615434,1.8189894035458565e-12,0.6428571428571429,0.8015873015873016,180679
5.356021165847778,0.004416227340698242,0.22222222222222218,1.8189894035458565e-12,0.7976190476190477,0.8015873015873016,180679
5.409632921218872,0.004582405090332031,0.407407407407409,1.8189894035458565e-12,0.6190476190476191,0.8015873015873016,180679
5.302726984024048,0.004698276519775391,0.2325581395348837,1.8189894035458565e-12,0.7619047619047619,0.7936507936507936,180679
5.486989974975586,0.006260395050048828,0.25581395348837616,1.8189894035458565e-12,0.75,0.8015873015873016,180679
4.822345733642578,0.0067942142486572266,0.22222222222222218,1.8189894035458565e-12,0.7976190476190477,0.7936507936507936,180679
4.946601390838623,0.008386611938476562,0.28888888888888914,1.8189894035458565e-12,0.7261904761904762,0.8015873015873016,180679
5.234216213226318,0.006917715072631836,0.23809523809525393,1.8189894035458565e-12,0.7619047619047619,0.8015873015873016,180679
5.040282726287842,0.008114814758300781,0.4285714285714286,1.8189894035458565e-12,0.5952380952380952,0.8015873015873016,180679
5.2094292640686035,0.007565736770629883,0.35999999999986587,1.8189894035458565e-12,0.6666666666666666,0.7936507936507936,180679
5.173069953918457,0.008298397064208984,0.384615384615434,1.8189894035458565e-12,0.6428571428571429,0.8015873015873016,180679
5.443817138671875,0.01643228530883789,0.26,1.8189894035458565e-12,0.7857142857142857,0.8015873015873016,336172
5.9496660232543945,0.006647586822509766,0.3023255813953489,1.8189894035458565e-12,0.7023809523809523,0.7936507936507936,336172
5.924253463745117,0.006493330001831055,0.26,1.8189894035458565e-12,0.7857142857142857,0.8015873015873016,336172
5.404133558273315,0.007395505905151367,0.4528301886792006,1.8189894035458565e-12,0.5595238095238095,0.8015873015873016,336172
5.518392324447632,0.0071392059326171875,0.44230769230769224,1.8189894035458565e-12,0.5714285714285714,0.8015873015873016,336172
5.587816476821899,0.006588935852050781,0.3095238095238096,1.8189894035458565e-12,0.6904761904761905,0.8015873015873016,336172
5.392533540725708,0.006747722625732422,0.42000000000000015,1.8189894035458565e-12,0.5952380952380952,0.8015873015873016,336172
6.2508931159973145,0.0061054229736328125,0.36956521739161313,1.8189894035458565e-12,0.6428571428571429,0.7936507936507936,336172
4.547055959701538,0.008425235748291016,0.3555555555555556,1.8189894035458565e-12,0.6547619047619048,0.8015873015873016,336172
4.62607216835022,0.009070158004760742,0.3555555555555556,1.8189894035458565e-12,0.6547619047619048,0.8015873015873016,336172
5.456619501113892,0.0048029422760009766,0.2653061224489796,1.8189894035458565e-12,0.7738095238095238,0.7936507936507936,336172
5.543662071228027,0.004647970199584961,0.26,1.8189894035458565e-12,0.7857142857142857,0.7936507936507936,336172
5.62568998336792,0.004647016525268555,0.3829787234043165,1.8189894035458565e-12,0.6309523809523809,0.7936507936507936,336172
5.470885992050171,0.0045719146728515625,0.3023255813953489,1.8189894035458565e-12,0.7023809523809523,0.7936507936507936,336172
5.57310676574707,0.00459742546081543,0.3095238095238096,1.8189894035458565e-12,0.6904761904761905,0.8015873015873016,336172
5.510494947433472,0.00461578369140625,0.3829787234043165,1.8189894035458565e-12,0.6309523809523809,0.7936507936507936,336172
5.674367666244507,0.00463414192199707,0.29545454545454547,1.8189894035458565e-12,0.7142857142857143,0.8015873015873016,336172
5.489347696304321,0.004389047622680664,0.2888888888888889,1.8189894035458565e-12,0.7261904761904762,0.7936507936507936,336172
5.61242413520813,0.0047338008880615234,0.43137254901960786,1.8189894035458565e-12,0.5833333333333334,0.7936507936507936,336172
5.59710168838501,0.004304647445678711,0.5245901639344263,1.8189894035458565e-12,0.4642857142857143,0.8015873015873016,336172
5.325063467025757,0.005122661590576172,0.2653061224489796,1.8189894035458565e-12,0.7738095238095238,0.7936507936507936,336172
5.620403289794922,0.004693031311035156,0.44230769230769224,1.8189894035458565e-12,0.5714285714285714,0.7936507936507936,336172
5.106591463088989,0.006853818893432617,0.2653061224489796,1.8189894035458565e-12,0.7738095238095238,0.7936507936507936,336172
5.299307107925415,0.007510185241699219,0.42000000000000015,1.8189894035458565e-12,0.5952380952380952,0.7936507936507936,336172
5.141506910324097,0.006443977355957031,0.26,1.8189894035458565e-12,0.7857142857142857,0.8015873015873016,336172
4.797039270401001,0.0067272186279296875,0.47272727272727516,1.8189894035458565e-12,0.5357142857142857,0.7936507936507936,336172
5.185221195220947,0.008482217788696289,0.36956521739161313,1.8189894035458565e-12,0.6428571428571429,0.7936507936507936,336172
5.131510257720947,0.006913185119628906,0.2888888888888889,1.8189894035458565e-12,0.7261904761904762,0.8015873015873016,336172
5.31174111366272,0.005725383758544922,0.3255813953488373,1.8189894035458565e-12,0.6785714285714286,0.7936507936507936,336172
4.372854709625244,0.00794839859008789,0.4242424242424243,1.8189894035458565e-12,0.6190476190476191,0.7936507936507936,556357
6.104575157165527,0.005297183990478516,0.2692307692307706,1.8189894035458565e-12,0.7857142857142857,0.8015873015873016,556357
5.974660634994507,0.005693674087524414,0.2830188679245287,1.8189894035458565e-12,0.7738095238095238,0.8015873015873016,556357
5.886883497238159,0.005553245544433594,0.5189873417721519,1.8189894035458565e-12,0.4642857142857143,0.7936507936507936,556357
5.448552131652832,0.00784921646118164,0.32142857142857145,1.8189894035458565e-12,0.7380952380952381,0.7936507936507936,556357
6.018555164337158,0.00508570671081543,0.22448979591840798,1.8189894035458565e-12,0.8214285714285714,0.8015873015873016,556357
5.546086311340332,0.00836491584777832,0.3666666666670929,1.8189894035458565e-12,0.6904761904761905,0.8015873015873016,556357
6.132360219955444,0.006127834320068359,0.24000000000001373,1.8189894035458565e-12,0.8095238095238095,0.8015873015873016,556357
6.028935670852661,0.004957437515258789,0.0952380952380953,1.8189894035458565e-12,0.9047619047619048,0.8015873015873016,556357
5.832378625869751,0.006117343902587891,0.4794520547945207,1.8189894035458565e-12,0.5357142857142857,0.7936507936507936,556357
5.9385011196136475,0.004776477813720703,0.5,1.8189894035458565e-12,0.5,0.7936507936507936,556357
6.106396436691284,0.005861759185791016,0.08695652173913043,1.8189894035458565e-12,0.9523809523809523,0.8015873015873016,556357
5.809792518615723,0.006426572799682617,0.32142857142857145,1.8189894035458565e-12,0.7380952380952381,0.7936507936507936,556357
6.15116024017334,0.0058116912841796875,0.17391304347807487,1.8189894035458565e-12,0.8571428571428571,0.7936507936507936,556357
5.1911094188690186,0.006940364837646484,0.3870967741935839,1.8189894035458565e-12,0.6666666666666666,0.7936507936507936,556357
5.163792371749878,0.005876302719116211,0.4864864864864865,1.8189894035458565e-12,0.5238095238095238,0.8015873015873016,556357
5.23221755027771,0.008308172225952148,0.4794520547945207,1.8189894035458565e-12,0.5357142857142857,0.8015873015873016,556357
5.523412704467773,0.006142854690551758,0.4722222222222251,1.8189894035458565e-12,0.5476190476190477,0.8015873015873016,556357
5.327218055725098,0.007992982864379883,0.3968253968254057,1.8189894035458565e-12,0.6547619047619048,0.8015873015873016,556357
5.691832780838013,0.004744768142700195,0.17391304347807487,1.8189894035458565e-12,0.8571428571428571,0.8015873015873016,556357
5.419661998748779,0.006275653839111328,0.37704918032799745,1.8189894035458565e-12,0.6785714285714286,0.7936507936507936,556357
5.458795547485352,0.004756450653076172,0.4864864864864865,1.8189894035458565e-12,0.5238095238095238,0.7936507936507936,556357
5.436988115310669,0.006749391555786133,0.37704918032799745,1.8189894035458565e-12,0.6785714285714286,0.8015873015873016,556357
5.556216239929199,0.00589299201965332,0.4328358208955224,1.8189894035458565e-12,0.6071428571428571,0.7936507936507936,556357
5.564681768417358,0.005973100662231445,0.30909090909090914,1.8189894035458565e-12,0.75,0.7936507936507936,556357
5.5445146560668945,0.006138324737548828,0.2830188679245287,1.8189894035458565e-12,0.7738095238095238,0.7936507936507936,556357
5.545100688934326,0.00617527961730957,0.406250000000002,1.8189894035458565e-12,0.6428571428571429,0.8015873015873016,556357
5.908227920532227,0.005939960479736328,0.35593220338983056,1.8189894035458565e-12,0.7023809523809523,0.7936507936507936,556357
5.847436904907227,0.006144285202026367,0.2549019607843182,1.8189894035458565e-12,0.7976190476190477,0.8015873015873016,556357
5.472926139831543,0.008402347564697266,0.4137931034482764,1.8189894035458565e-12,0.6190476190476191,0.8015873015873016,893198
5.462409019470215,0.006280660629272461,0.31999999999999995,1.8189894035458565e-12,0.7142857142857143,0.7936507936507936,893198
5.369684457778931,0.006655216217041016,0.18604651162790697,1.8189894035458565e-12,0.8214285714285714,0.8015873015873016,893198
5.743423938751221,0.007050037384033203,0.24444444444445437,1.8189894035458565e-12,0.7738095238095238,0.7936507936507936,893198
4.805893421173096,0.007242679595947266,0.3928571428571587,1.8189894035458565e-12,0.6428571428571429,0.7936507936507936,893198
4.642955780029297,0.007033824920654297,0.3928571428571587,1.8189894035458565e-12,0.6428571428571429,0.8015873015873016,893198
4.570020437240601,0.00832819938659668,0.4687500000000108,1.8189894035458565e-12,0.5476190476190477,0.8015873015873016,893198
4.572983264923096,0.008352518081665039,0.4516129032258064,1.8189894035458565e-12,0.5714285714285714,0.7936507936507936,893198
4.966608285903931,0.005931854248046875,0.4687500000000108,1.8189894035458565e-12,0.5476190476190477,0.7936507936507936,893198
4.749019622802734,0.006673574447631836,0.5072463768115941,1.8189894035458565e-12,0.4880952380952381,0.7936507936507936,893198
4.657384634017944,0.0069425106048583984,0.2765957446808518,1.8189894035458565e-12,0.75,0.7936507936507936,893198
4.734816789627075,0.006916999816894531,0.37037037037065224,1.8189894035458565e-12,0.6666666666666666,0.8015873015873016,893198
4.980820178985596,0.006281614303588867,0.4603174603176093,1.8189894035458565e-12,0.5595238095238095,0.7936507936507936,893198
4.87862491607666,0.006501913070678711,0.29166666666666685,1.8189894035458565e-12,0.7380952380952381,0.7936507936507936,893198
5.21989893913269,0.004460811614990234,0.4137931034482764,1.8189894035458565e-12,0.6190476190476191,0.8015873015873016,893198
5.382774353027344,0.005529642105102539,0.44262295081967207,1.8189894035458565e-12,0.5833333333333334,0.7936507936507936,893198
5.205172777175903,0.004776477813720703,0.17021276595744683,1.8189894035458565e-12,0.8690476190476191,0.8015873015873016,893198
5.20547890663147,0.004340648651123047,0.5211267605633804,1.8189894035458565e-12,0.4642857142857143,0.7936507936507936,893198
5.229625701904297,0.004212856292724609,0.5142857142857142,1.8189894035458565e-12,0.47619047619047616,0.7936507936507936,893198
5.269967555999756,0.004379987716674805,0.48484848484848486,1.8189894035458565e-12,0.5238095238095238,0.8015873015873016,893198
5.313868999481201,0.005504131317138672,0.22727272727276096,1.8189894035458565e-12,0.7857142857142857,0.8015873015873016,893198
5.195768594741821,0.004411458969116211,0.49253731343312473,1.8189894035458565e-12,0.5119047619047619,0.7936507936507936,893198
5.033068418502808,0.006342172622680664,0.48484848484848486,1.8189894035458565e-12,0.5238095238095238,0.7936507936507936,893198
5.094907283782959,0.005842685699462891,0.4137931034482764,1.8189894035458565e-12,0.6190476190476191,0.7936507936507936,893198
5.105349540710449,0.006116390228271484,0.17777777777777778,1.8189894035458565e-12,0.8452380952380952,0.7936507936507936,893198
5.476154565811157,0.006212711334228516,0.4035087719298276,1.8189894035458565e-12,0.6309523809523809,0.7936507936507936,893198
5.013878345489502,0.006294965744018555,0.42372881355932207,1.8189894035458565e-12,0.6071428571428571,0.7936507936507936,893198
5.122941732406616,0.0063915252685546875,0.3584905660377358,1.8189894035458565e-12,0.6785714285714286,0.8015873015873016,893198
5.257197141647339,0.0068759918212890625,0.44262295081967207,1.8189894035458565e-12,0.5833333333333334,0.7936507936507936,893198
5.946422338485718,0.005644559860229492,0.3846153846153846,1.8189894035458565e-12,0.6428571428571429,0.8015873015873016,207696
5.698331356048584,0.006613969802856445,0.4545454545454546,1.8189894035458565e-12,0.5476190476190477,0.8015873015873016,207696
5.329961061477661,0.005487918853759766,0.5,1.8189894035458565e-12,0.5,0.7936507936507936,207696
5.413534641265869,0.0054912567138671875,0.39999999999999997,1.8189894035458565e-12,0.6190476190476191,0.8015873015873016,207696
5.860858201980591,0.00533747673034668,0.37037037037037035,1.8189894035458565e-12,0.6785714285714286,0.7936507936507936,207696
4.768115282058716,0.005850791931152344,0.3333333333333333,1.8189894035458565e-12,0.7380952380952381,0.8015873015873016,207696
5.045495271682739,0.006631135940551758,0.5217391304347826,1.8189894035458565e-12,0.47619047619047616,0.7936507936507936,207696
4.913524389266968,0.006246805191040039,0.35714285714285715,1.8189894035458565e-12,0.6904761904761905,0.8015873015873016,207696
5.1177897453308105,0.006997108459472656,0.35714285714285715,1.8189894035458565e-12,0.6904761904761905,0.8015873015873016,207696
5.034916162490845,0.00772404670715332,0.5111111111111111,1.8189894035458565e-12,0.4880952380952381,0.8015873015873016,207696
4.9872846603393555,0.00746917724609375,0.5416666666666666,1.8189894035458565e-12,0.4523809523809524,0.8015873015873016,207696
5.208540916442871,0.006384134292602539,0.32786885245901637,1.8189894035458565e-12,0.75,0.7936507936507936,207696
4.967516899108887,0.006311178207397461,0.4081632653061224,1.8189894035458565e-12,0.6071428571428571,0.8015873015873016,207696
5.249195098876953,0.006455183029174805,0.32786885245901637,1.8189894035458565e-12,0.75,0.8015873015873016,207696
5.0372209548950195,0.0057582855224609375,0.5319148936170213,1.8189894035458565e-12,0.4642857142857143,0.7936507936507936,207696
5.0413689613342285,0.006686210632324219,0.46511627906976744,1.8189894035458565e-12,0.5357142857142857,0.8015873015873016,207696
5.031869173049927,0.007781267166137695,0.4166666666666667,1.8189894035458565e-12,0.5952380952380952,0.7936507936507936,207696
5.381499290466309,0.00447845458984375,0.425531914893617,1.8189894035458565e-12,0.5833333333333334,0.7936507936507936,207696
5.4105916023254395,0.0044558048248291016,0.4545454545454546,1.8189894035458565e-12,0.5476190476190477,0.8015873015873016,207696
5.580732345581055,0.005061626434326172,0.3333333333333333,1.8189894035458565e-12,0.7380952380952381,0.8015873015873016,207696
5.466195583343506,0.004258394241333008,0.5416666666666666,1.8189894035458565e-12,0.4523809523809524,0.8015873015873016,207696
5.405746221542358,0.004601001739501953,0.4081632653061224,1.8189894035458565e-12,0.6071428571428571,0.8015873015873016,207696
5.291349649429321,0.005990028381347656,0.3508771929824561,1.8189894035458565e-12,0.7023809523809523,0.7936507936507936,207696
5.186544418334961,0.005176067352294922,0.5319148936170213,1.8189894035458565e-12,0.4642857142857143,0.8095238095238095,207696
5.2812659740448,0.0061492919921875,0.3636363636363636,1.8189894035458565e-12,0.6785714285714286,0.8015873015873016,207696
5.286889553070068,0.00580596923828125,0.37037037037037035,1.8189894035458565e-12,0.6666666666666666,0.8015873015873016,207696
5.744313716888428,0.005166053771972656,0.37735849056603776,1.8189894035458565e-12,0.6547619047619048,0.7936507936507936,207696
5.143986701965332,0.0054931640625,0.46511627906976744,1.8189894035458565e-12,0.5357142857142857,0.7936507936507936,207696
5.823256492614746,0.007512331008911133,0.5217391304347826,1.8189894035458565e-12,0.47619047619047616,0.8015873015873016,207696
5.014755487442017,0.007914543151855469,0.285714285714286,1.8189894035458565e-12,0.75,0.8015873015873016,984799
5.408954381942749,0.006681203842163086,0.30000000000000004,1.8189894035458565e-12,0.7380952380952381,0.8015873015873016,984799
5.268726348876953,0.007035970687866211,0.1627906976744186,1.8189894035458565e-12,0.8452380952380952,0.8015873015873016,984799
5.59587836265564,0.005995750427246094,0.326923076923077,1.8189894035458565e-12,0.7142857142857143,0.7936507936507936,984799
5.698578357696533,0.006787776947021484,0.406779661016951,1.8189894035458565e-12,0.6309523809523809,0.7936507936507936,984799
5.339495897293091,0.007513284683227539,0.31372549019607837,1.8189894035458565e-12,0.7261904761904762,0.7936507936507936,984799
5.985708236694336,0.005942344665527344,0.36363636363595503,1.8189894035458565e-12,0.6785714285714286,0.8015873015873016,984799
5.545196294784546,0.006304502487182617,0.5070422535211268,1.8189894035458565e-12,0.4880952380952381,0.8015873015873016,984799
5.694603443145752,0.006215572357177734,0.406779661016951,1.8189894035458565e-12,0.6309523809523809,0.8015873015873016,984799
6.267617225646973,0.005919933319091797,0.4927536231886418,1.8189894035458565e-12,0.5119047619047619,0.8015873015873016,984799
5.8564229011535645,0.0059850215911865234,0.22222222222226953,1.8189894035458565e-12,0.7976190476190477,0.8015873015873016,984799
6.052480220794678,0.005923032760620117,0.15217391304347824,1.8189894035458565e-12,0.8809523809523809,0.8015873015873016,984799
5.866147994995117,0.0058307647705078125,0.44444444444444453,1.8189894035458565e-12,0.5833333333333334,0.8015873015873016,984799
5.795299530029297,0.007479190826416016,0.285714285714286,1.8189894035458565e-12,0.75,0.8015873015873016,984799
6.105540990829468,0.00541377067565918,0.22222222222226953,1.8189894035458565e-12,0.7976190476190477,0.7936507936507936,984799
5.147684097290039,0.005509138107299805,0.30000000000000004,1.8189894035458565e-12,0.7380952380952381,0.7936507936507936,984799
4.972937107086182,0.008832693099975586,0.16666666666666663,1.8189894035458565e-12,0.8333333333333334,0.8015873015873016,984799
4.7473108768463135,0.00744318962097168,0.285714285714286,1.8189894035458565e-12,0.75,0.7936507936507936,984799
5.418539524078369,0.004286289215087891,0.43548387096774194,1.8189894035458565e-12,0.5952380952380952,0.8015873015873016,984799
5.398968696594238,0.0048122406005859375,0.4852941176470588,1.8189894035458565e-12,0.5238095238095238,0.7936507936507936,984799
5.5781004428863525,0.0049097537994384766,0.18604651162833044,1.8189894035458565e-12,0.8214285714285714,0.7936507936507936,984799
5.270178318023682,0.00447392463684082,0.43548387096774194,1.8189894035458565e-12,0.5952380952380952,0.8015873015873016,984799
5.2421815395355225,0.00570368766784668,0.41666666666666696,1.8189894035458565e-12,0.6190476190476191,0.8015873015873016,984799
5.281261682510376,0.006072044372558594,0.20454545454559958,1.8189894035458565e-12,0.8095238095238095,0.8015873015873016,984799
4.9816975593566895,0.007413387298583984,0.42622950819672134,1.8189894035458565e-12,0.6071428571428571,0.8015873015873016,984799
5.176249980926514,0.007133960723876953,0.15555555555555553,1.8189894035458565e-12,0.8690476190476191,0.7936507936507936,984799
5.079964637756348,0.007262468338012695,0.44444444444444453,1.8189894035458565e-12,0.5833333333333334,0.7936507936507936,984799
5.245847225189209,0.0056858062744140625,0.30000000000000004,1.8189894035458565e-12,0.7380952380952381,0.8015873015873016,984799
5.286494493484497,0.006083250045776367,0.30000000000000004,1.8189894035458565e-12,0.7380952380952381,0.8015873015873016,984799
4.638632535934448,0.008712530136108398,0.39655172413794026,1.8189894035458565e-12,0.6428571428571429,0.8015873015873016,579284
5.738428115844727,0.0056688785552978516,0.25531914893617447,1.8189894035458565e-12,0.7738095238095238,0.7936507936507936,579284
5.3399951457977295,0.0067598819732666016,0.25531914893617447,1.8189894035458565e-12,0.7738095238095238,0.7936507936507936,579284
5.56546950340271,0.005236625671386719,0.36363636363595503,1.8189894035458565e-12,0.6785714285714286,0.8015873015873016,579284
5.435662269592285,0.005615949630737305,0.4615384615385677,1.8189894035458565e-12,0.5595238095238095,0.7936507936507936,579284
5.575730562210083,0.005097389221191406,0.44444444444444453,1.8189894035458565e-12,0.5833333333333334,0.7936507936507936,579284
5.433124780654907,0.006897449493408203,0.406779661016951,1.8189894035458565e-12,0.6309523809523809,0.8015873015873016,579284
5.616313457489014,0.00697636604309082,0.4927536231886418,1.8189894035458565e-12,0.5119047619047619,0.7936507936507936,579284
5.5811848640441895,0.005956172943115234,0.45312499999989353,1.8189894035458565e-12,0.5714285714285714,0.8015873015873016,579284
5.827317714691162,0.005276679992675781,0.4927536231886418,1.8189894035458565e-12,0.5119047619047619,0.8015873015873016,579284
5.647535800933838,0.005082368850708008,0.36363636363595503,1.8189894035458565e-12,0.6785714285714286,0.7936507936507936,579284
5.8450093269348145,0.004512786865234375,0.44444444444444453,1.8189894035458565e-12,0.5833333333333334,0.8015873015873016,579284
5.027748346328735,0.00739741325378418,0.46969696969697744,1.8189894035458565e-12,0.5476190476190477,0.7936507936507936,579284
5.077637434005737,0.006644010543823242,0.22222222222226953,1.8189894035458565e-12,0.7976190476190477,0.7936507936507936,579284
4.994726181030273,0.007440328598022461,0.2708333333333345,1.8189894035458565e-12,0.7619047619047619,0.7936507936507936,579284
5.074492931365967,0.006258487701416016,0.43548387096774194,1.8189894035458565e-12,0.5952380952380952,0.7936507936507936,579284
5.127019166946411,0.006844520568847656,0.18604651162833044,1.8189894035458565e-12,0.8214285714285714,0.8015873015873016,579284
5.102050304412842,0.006180524826049805,0.41666666666666696,1.8189894035458565e-12,0.6190476190476191,0.7936507936507936,579284
5.0590198040008545,0.006346464157104492,0.45312499999989353,1.8189894035458565e-12,0.5714285714285714,0.8015873015873016,579284
5.307653188705444,0.006210803985595703,0.45312499999989353,1.8189894035458565e-12,0.5714285714285714,0.7936507936507936,579284
5.223800182342529,0.004327297210693359,0.20454545454559958,1.8189894035458565e-12,0.8095238095238095,0.8015873015873016,579284
5.230619668960571,0.004787921905517578,0.4927536231886418,1.8189894035458565e-12,0.5119047619047619,0.7936507936507936,579284
5.409336566925049,0.005368947982788086,0.43548387096774194,1.8189894035458565e-12,0.5952380952380952,0.8015873015873016,579284
5.361976861953735,0.0052928924560546875,0.36363636363595503,1.8189894035458565e-12,0.6785714285714286,0.7936507936507936,579284
5.320232391357422,0.005194664001464844,0.30000000000000004,1.8189894035458565e-12,0.7380952380952381,0.7936507936507936,579284
5.2900710105896,0.005998373031616211,0.1590909090909091,1.8189894035458565e-12,0.8571428571428571,0.7936507936507936,579284
5.439477205276489,0.005129575729370117,0.44444444444444453,1.8189894035458565e-12,0.5833333333333334,0.8015873015873016,579284
5.3393425941467285,0.005525827407836914,0.36363636363595503,1.8189894035458565e-12,0.6785714285714286,0.8015873015873016,579284
5.341726779937744,0.005319118499755859,0.285714285714286,1.8189894035458565e-12,0.75,0.7936507936507936,579284
5.3631463050842285,0.007715702056884766,0.5125,1.8189894035458565e-12,0.47619047619047616,0.7936507936507936,841866
5.187669038772583,0.0068323612213134766,0.41791044776119424,1.8189894035458565e-12,0.6309523809523809,0.8015873015873016,841866
5.481809616088867,0.005690097808837891,0.5,1.8189894035458565e-12,0.5,0.7936507936507936,841866
5.546604156494141,0.0053005218505859375,0.5185185185185185,1.8189894035458565e-12,0.4642857142857143,0.8015873015873016,841866
5.749854326248169,0.004998683929443359,0.5125,1.8189894035458565e-12,0.47619047619047616,0.8015873015873016,841866
5.286837100982666,0.006895303726196289,0.5125,1.8189894035458565e-12,0.47619047619047616,0.7857142857142857,841866
5.694947719573975,0.0052073001861572266,0.5063291139240507,1.8189894035458565e-12,0.4880952380952381,0.7936507936507936,841866
5.601068735122681,0.005523681640625,0.49350649350660447,1.8189894035458565e-12,0.5119047619047619,0.8015873015873016,841866
5.782373428344727,0.004894733428955078,0.43478260869565216,1.8189894035458565e-12,0.6071428571428571,0.7936507936507936,841866
5.622609376907349,0.004773378372192383,0.5125,1.8189894035458565e-12,0.47619047619047616,0.7936507936507936,841866
5.493367433547974,0.006926536560058594,0.5125,1.8189894035458565e-12,0.47619047619047616,0.7936507936507936,841866
5.700690507888794,0.0056002140045166016,0.15217391304347822,1.8189894035458565e-12,0.8809523809523809,0.7936507936507936,841866
5.7369465827941895,0.005365133285522461,0.5,1.8189894035458565e-12,0.5,0.7936507936507936,841866
4.844808578491211,0.009011507034301758,0.2909090909090912,1.8189894035458565e-12,0.7738095238095238,0.7936507936507936,841866
5.326369285583496,0.006606578826904297,0.48000000000000004,1.8189894035458565e-12,0.5357142857142857,0.8015873015873016,841866
5.23313570022583,0.005625009536743164,0.5185185185185185,1.8189894035458565e-12,0.4642857142857143,0.8015873015873016,841866
5.239391088485718,0.005978584289550781,0.47297297297297514,1.8189894035458565e-12,0.5476190476190477,0.7857142857142857,841866
4.706368684768677,0.00803375244140625,0.5063291139240507,1.8189894035458565e-12,0.4880952380952381,0.7936507936507936,841866
5.658986568450928,0.004545927047729492,0.5,1.8189894035458565e-12,0.5,0.7936507936507936,841866
5.426509618759155,0.004491090774536133,0.42647058823529416,1.8189894035458565e-12,0.6190476190476191,0.7936507936507936,841866
5.403251647949219,0.004063844680786133,0.5,1.8189894035458565e-12,0.5,0.7936507936507936,841866
5.4967145919799805,0.004162788391113281,0.5185185185185185,1.8189894035458565e-12,0.4642857142857143,0.7936507936507936,841866
5.579021692276001,0.0056552886962890625,0.47297297297297514,1.8189894035458565e-12,0.5476190476190477,0.8095238095238095,841866
5.202981948852539,0.006016969680786133,0.43478260869565216,1.8189894035458565e-12,0.6071428571428571,0.7936507936507936,841866
5.453666687011719,0.005177736282348633,0.48000000000000004,1.8189894035458565e-12,0.5357142857142857,0.7857142857142857,841866
5.450968265533447,0.00502467155456543,0.48000000000000004,1.8189894035458565e-12,0.5357142857142857,0.7936507936507936,841866
5.311524868011475,0.00658726692199707,0.5125,1.8189894035458565e-12,0.47619047619047616,0.7936507936507936,841866
5.799943923950195,0.005896091461181641,0.49350649350660447,1.8189894035458565e-12,0.5119047619047619,0.8015873015873016,841866
5.3082005977630615,0.005604267120361328,0.5185185185185185,1.8189894035458565e-12,0.4642857142857143,0.7936507936507936,841866
5.053464889526367,0.006891965866088867,0.08695652173913043,1.8189894035458565e-12,0.9523809523809523,0.7936507936507936,398248
5.636932611465454,0.005788326263427734,0.3666666666670929,1.8189894035458565e-12,0.6904761904761905,0.8015873015873016,398248
5.286448001861572,0.00674891471862793,0.4242424242424243,1.8189894035458565e-12,0.6190476190476191,0.8015873015873016,398248
5.328327417373657,0.007222890853881836,0.09302325581395349,1.8189894035458565e-12,0.9166666666666666,0.7936507936507936,398248
5.243166446685791,0.00650334358215332,0.3333333333333333,1.8189894035458565e-12,0.7261904761904762,0.7936507936507936,398248
4.690060615539551,0.007704973220825195,0.15555555555555553,1.8189894035458565e-12,0.8690476190476191,0.7936507936507936,398248
5.211849212646484,0.006722927093505859,0.32142857142857145,1.8189894035458565e-12,0.7380952380952381,0.8015873015873016,398248
5.972089767456055,0.006146907806396484,0.3870967741935839,1.8189894035458565e-12,0.6666666666666666,0.8015873015873016,398248
5.414558172225952,0.005940914154052734,0.4242424242424243,1.8189894035458565e-12,0.6190476190476191,0.8015873015873016,398248
5.715563774108887,0.006978034973144531,0.35593220338983056,1.8189894035458565e-12,0.7023809523809523,0.8015873015873016,398248
4.731455564498901,0.006987094879150391,0.0952380952380953,1.8189894035458565e-12,0.9047619047619048,0.7936507936507936,398248
4.715749502182007,0.006588935852050781,0.30909090909090914,1.8189894035458565e-12,0.75,0.7936507936507936,398248
4.565765380859375,0.00815439224243164,0.2830188679245287,1.8189894035458565e-12,0.7738095238095238,0.7936507936507936,398248
4.713849067687988,0.006918668746948242,0.24000000000001373,1.8189894035458565e-12,0.8095238095238095,0.8015873015873016,398248
5.331574440002441,0.00445866584777832,0.35593220338983056,1.8189894035458565e-12,0.7023809523809523,0.8015873015873016,398248
5.284005641937256,0.004531383514404297,0.22448979591840798,1.8189894035458565e-12,0.8214285714285714,0.8015873015873016,398248
5.349122047424316,0.0057370662689208984,0.24000000000001373,1.8189894035458565e-12,0.8214285714285714,0.8015873015873016,398248
5.274564981460571,0.004246711730957031,0.10869565217391303,1.8189894035458565e-12,0.9285714285714286,0.7936507936507936,398248
5.257465839385986,0.0044019222259521484,0.3333333333333333,1.8189894035458565e-12,0.7261904761904762,0.7857142857142857,398248
5.412603378295898,0.005127906799316406,0.3448275862068965,1.8189894035458565e-12,0.7142857142857143,0.7936507936507936,398248
5.3376991748809814,0.0046236515045166016,0.41538461538461574,1.8189894035458565e-12,0.6309523809523809,0.8015873015873016,398248
5.4984495639801025,0.0056056976318359375,0.2083333333334484,1.8189894035458565e-12,0.8333333333333334,0.7936507936507936,398248
5.280699968338013,0.0060939788818359375,0.2083333333334484,1.8189894035458565e-12,0.8333333333333334,0.7936507936507936,398248
4.8250892162323,0.006788969039916992,0.10869565217391303,1.8189894035458565e-12,0.9404761904761905,0.7936507936507936,398248
5.071370601654053,0.0074460506439208984,0.15909090909090906,1.8189894035458565e-12,0.8571428571428571,0.7936507936507936,398248
5.191676616668701,0.006582736968994141,0.17391304347807487,1.8189894035458565e-12,0.8452380952380952,0.7936507936507936,398248
5.171785116195679,0.0061228275299072266,0.2600000000000029,1.8189894035458565e-12,0.7976190476190477,0.7936507936507936,398248
5.2025206089019775,0.005965709686279297,0.2830188679245287,1.8189894035458565e-12,0.7619047619047619,0.7936507936507936,398248
5.011076927185059,0.006185054779052734,0.406250000000002,1.8189894035458565e-12,0.6428571428571429,0.7936507936507936,398248
4.93404746055603,0.006671905517578125,0.3333333333333333,1.8189894035458565e-12,0.6666666666666666,0.8015873015873016,872895
5.7180914878845215,0.005743741989135742,0.24489795918367346,1.8189894035458565e-12,0.7976190476190477,0.8015873015873016,872895
5.70121431350708,0.005487203598022461,0.30232558139534893,1.8189894035458565e-12,0.7023809523809523,0.7936507936507936,872895
5.9601171016693115,0.005311489105224609,0.4117647058823537,1.8189894035458565e-12,0.6071428571428571,0.8015873015873016,872895
5.467793703079224,0.00642085075378418,0.4000000000000054,1.8189894035458565e-12,0.6190476190476191,0.8015873015873016,872895
5.8988096714019775,0.005261898040771484,0.3023255813953489,1.8189894035458565e-12,0.6904761904761905,0.7936507936507936,872895
5.477066993713379,0.0065462589263916016,0.5238095238095238,1.8189894035458565e-12,0.4642857142857143,0.7936507936507936,872895
5.442890405654907,0.007214784622192383,0.3555555555555556,1.8189894035458565e-12,0.6428571428571429,0.7936507936507936,872895
5.842954874038696,0.004595756530761719,0.5,1.8189894035458565e-12,0.5,0.7936507936507936,872895
5.6568591594696045,0.006292104721069336,0.24489795918367346,1.8189894035458565e-12,0.7976190476190477,0.8015873015873016,872895
5.314022779464722,0.006859302520751953,0.2352941176470588,1.8189894035458565e-12,0.8214285714285714,0.8015873015873016,872895
5.5288190841674805,0.006296873092651367,0.5081967213114754,1.8189894035458565e-12,0.4880952380952381,0.8015873015873016,872895
5.889931917190552,0.005133867263793945,0.285714285714286,1.8189894035458565e-12,0.7142857142857143,0.8015873015873016,872895
5.609651803970337,0.005341053009033203,0.25490196078431376,1.8189894035458565e-12,0.7976190476190477,0.7936507936507936,872895
5.870739936828613,0.005106687545776367,0.36170212765929993,1.8189894035458565e-12,0.6547619047619048,0.7936507936507936,872895
5.813689708709717,0.005044460296630859,0.27906976744186046,1.8189894035458565e-12,0.7261904761904762,0.7936507936507936,872895
6.101392507553101,0.004645347595214844,0.53125,1.8189894035458565e-12,0.4523809523809524,0.7936507936507936,872895
5.911579608917236,0.005561113357543945,0.4827586206896552,1.8189894035458565e-12,0.5238095238095238,0.7936507936507936,872895
5.097871541976929,0.0079498291015625,0.532258064516129,1.8189894035458565e-12,0.4523809523809524,0.8015873015873016,872895
5.028306484222412,0.008194923400878906,0.2608695652173913,1.8189894035458565e-12,0.7619047619047619,0.8015873015873016,872895
5.627763271331787,0.005095720291137695,0.4642857142857615,1.8189894035458565e-12,0.5476190476190477,0.7936507936507936,872895
5.396718978881836,0.004205942153930664,0.5161290322580645,1.8189894035458565e-12,0.47619047619047616,0.7936507936507936,872895
5.533234357833862,0.005710124969482422,0.4230769230769232,1.8189894035458565e-12,0.5952380952380952,0.8015873015873016,872895
5.54852557182312,0.006068706512451172,0.532258064516129,1.8189894035458565e-12,0.4523809523809524,0.7936507936507936,872895
5.555119037628174,0.005284309387207031,0.23076923076923075,1.8189894035458565e-12,0.8333333333333334,0.7936507936507936,872895
5.524471998214722,0.004653453826904297,0.5384615384615384,1.8189894035458565e-12,0.44047619047619047,0.8015873015873016,872895
5.408116102218628,0.0064525604248046875,0.4821428571428571,1.8189894035458565e-12,0.5238095238095238,0.7936507936507936,872895
5.491400480270386,0.005126237869262695,0.36170212765929993,1.8189894035458565e-12,0.6547619047619048,0.8015873015873016,872895
5.522690296173096,0.005889892578125,0.2888888888888889,1.8189894035458565e-12,0.7261904761904762,0.8015873015873016,872895
4.824265718460083,0.006802558898925781,0.24444444444444446,1.8189894035458565e-12,0.7619047619047619,0.8015873015873016,501973
5.4132444858551025,0.007744550704956055,0.5652173913043479,1.8189894035458565e-12,0.39285714285714285,0.8015873015873016,501973
5.427851676940918,0.006373167037963867,0.22448979591836735,1.8189894035458565e-12,0.8214285714285714,0.8015873015873016,501973
5.486635208129883,0.00748133659362793,0.4915254237285044,1.8189894035458565e-12,0.5119047619047619,0.7936507936507936,501973
5.753850698471069,0.005126476287841797,0.515625,1.8189894035458565e-12,0.47619047619047616,0.8015873015873016,501973
5.781231164932251,0.005275249481201172,0.4833333333333334,1.8189894035458565e-12,0.5238095238095238,0.7936507936507936,501973
5.647683382034302,0.005910158157348633,0.49180327868807433,1.8189894035458565e-12,0.5119047619047619,0.7936507936507936,501973
5.840510129928589,0.0046880245208740234,0.5753424657534247,1.8189894035458565e-12,0.36904761904761907,0.8015873015873016,501973
5.4765729904174805,0.006407976150512695,0.4363636363636364,1.8189894035458565e-12,0.5833333333333334,0.7936507936507936,501973
5.66823410987854,0.005486965179443359,0.2608695652173913,1.8189894035458565e-12,0.7619047619047619,0.8015873015873016,501973
5.665419816970825,0.005517244338989258,0.5,1.8189894035458565e-12,0.5,0.7936507936507936,501973
5.881145000457764,0.005079984664916992,0.4745762711864418,1.8189894035458565e-12,0.5357142857142857,0.7936507936507936,501973
5.901247978210449,0.005066394805908203,0.5522388059701493,1.8189894035458565e-12,0.4166666666666667,0.8015873015873016,501973
5.866548776626587,0.0044040679931640625,0.5,1.8189894035458565e-12,0.5,0.8015873015873016,501973
5.763239145278931,0.00507044792175293,0.3111111111111111,1.8189894035458565e-12,0.7023809523809523,0.8015873015873016,501973
5.87288236618042,0.0045816898345947266,0.44642857142857145,1.8189894035458565e-12,0.5714285714285714,0.7936507936507936,501973
5.772681474685669,0.004654884338378906,0.22916666666666669,1.8189894035458565e-12,0.8095238095238095,0.7936507936507936,501973
5.9203736782073975,0.0050241947174072266,0.4833333333333334,1.8189894035458565e-12,0.5238095238095238,0.7936507936507936,501973
4.991604566574097,0.0066890716552734375,0.5571428571428572,1.8189894035458565e-12,0.40476190476190477,0.8015873015873016,501973
5.244706630706787,0.006509065628051758,0.4833333333333334,1.8189894035458565e-12,0.5238095238095238,0.7936507936507936,501973
4.811586141586304,0.006390810012817383,0.279069767441861,1.8189894035458565e-12,0.7261904761904762,0.8015873015873016,501973
5.272967100143433,0.006736278533935547,0.4915254237285044,1.8189894035458565e-12,0.5119047619047619,0.7936507936507936,501973
5.285187721252441,0.0066411495208740234,0.25,1.8189894035458565e-12,0.7619047619047619,0.7936507936507936,501973
5.769648790359497,0.0047550201416015625,0.5161290322580645,1.8189894035458565e-12,0.47619047619047616,0.7936507936507936,501973
5.364758729934692,0.005480527877807617,0.4561403508776318,1.8189894035458565e-12,0.5595238095238095,0.8015873015873016,501973
5.628057241439819,0.0046198368072509766,0.5081967213114754,1.8189894035458565e-12,0.4880952380952381,0.7936507936507936,501973
5.351848125457764,0.006332874298095703,0.32608695652173914,1.8189894035458565e-12,0.6904761904761905,0.7936507936507936,501973
5.512574195861816,0.005072355270385742,0.5441176470588236,1.8189894035458565e-12,0.42857142857142855,0.8015873015873016,501973
5.756284952163696,0.004782676696777344,0.5633802816901409,1.8189894035458565e-12,0.39285714285714285,0.8015873015873016,501973
5.062208890914917,0.0074808597564697266,0.31818181818181823,1.8189894035458565e-12,0.6904761904761905,0.7936507936507936,990622
5.401449203491211,0.005450725555419922,0.4642857142857615,1.8189894035458565e-12,0.5476190476190477,0.8015873015873016,990622
5.631807327270508,0.00587916374206543,0.3750000000001645,1.8189894035458565e-12,0.6428571428571429,0.7936507936507936,990622
5.7003724575042725,0.005102634429931641,0.3750000000001645,1.8189894035458565e-12,0.6428571428571429,0.8015873015873016,990622
5.82704758644104,0.006710529327392578,0.4827586206896552,1.8189894035458565e-12,0.5238095238095238,0.7936507936507936,990622
5.587752103805542,0.005550384521484375,0.53125,1.8189894035458565e-12,0.4523809523809524,0.7936507936507936,990622
5.3871910572052,0.006757497787475586,0.4000000000000054,1.8189894035458565e-12,0.6190476190476191,0.8015873015873016,990622
5.329445838928223,0.006687641143798828,0.4642857142857615,1.8189894035458565e-12,0.5476190476190477,0.8015873015873016,990622
5.428403615951538,0.006015777587890625,0.53125,1.8189894035458565e-12,0.4523809523809524,0.7936507936507936,990622
5.45266580581665,0.005455493927001953,0.5238095238095238,1.8189894035458565e-12,0.4642857142857143,0.7936507936507936,990622
5.605051040649414,0.005529642105102539,0.30232558139534893,1.8189894035458565e-12,0.7023809523809523,0.8015873015873016,990622
5.0369086265563965,0.007458209991455078,0.4117647058823537,1.8189894035458565e-12,0.6071428571428571,0.7936507936507936,990622
5.236566543579102,0.007093191146850586,0.2352941176470588,1.8189894035458565e-12,0.8214285714285714,0.7936507936507936,990622
4.981723308563232,0.00712895393371582,0.5081967213114754,1.8189894035458565e-12,0.4880952380952381,0.8015873015873016,990622
5.155131578445435,0.005939483642578125,0.53125,1.8189894035458565e-12,0.4523809523809524,0.7936507936507936,990622
4.831784248352051,0.007391691207885742,0.34782608695652173,1.8189894035458565e-12,0.6666666666666666,0.7936507936507936,990622
5.1351752281188965,0.007050514221191406,0.44444444444444453,1.8189894035458565e-12,0.5714285714285714,0.7936507936507936,990622
4.920980453491211,0.007471323013305664,0.4827586206896552,1.8189894035458565e-12,0.5238095238095238,0.8015873015873016,990622
5.097991228103638,0.0064563751220703125,0.27906976744186046,1.8189894035458565e-12,0.7261904761904762,0.7936507936507936,990622
5.340051889419556,0.0044672489166259766,0.4117647058823537,1.8189894035458565e-12,0.6071428571428571,0.7936507936507936,990622
5.4270758628845215,0.004402637481689453,0.4339622641509434,1.8189894035458565e-12,0.5833333333333334,0.7936507936507936,990622
5.214431524276733,0.004655599594116211,0.27906976744186046,1.8189894035458565e-12,0.7261904761904762,0.7936507936507936,990622
5.345574140548706,0.005606174468994141,0.53125,1.8189894035458565e-12,0.4523809523809524,0.7936507936507936,990622
5.30765438079834,0.006391286849975586,0.26666666666666666,1.8189894035458565e-12,0.75,0.8015873015873016,990622
5.308192729949951,0.006857633590698242,0.4642857142857615,1.8189894035458565e-12,0.5476190476190477,0.7936507936507936,990622
5.548734188079834,0.005154609680175781,0.3333333333333333,1.8189894035458565e-12,0.6785714285714286,0.7936507936507936,990622
5.6292030811309814,0.005387544631958008,0.4642857142857615,1.8189894035458565e-12,0.5476190476190477,0.8015873015873016,990622
5.599081993103027,0.0050966739654541016,0.4230769230769232,1.8189894035458565e-12,0.5952380952380952,0.8015873015873016,990622
5.547574758529663,0.004791975021362305,0.5588235294117647,1.8189894035458565e-12,0.40476190476190477,0.8015873015873016,990622
5.7861573696136475,0.005422115325927734,0.2600000000000029,1.8189894035458565e-12,0.7857142857142857,0.7936507936507936,785899
5.761871337890625,0.005831241607666016,0.2291666666666963,1.8189894035458565e-12,0.8095238095238095,0.8015873015873016,785899
5.293751955032349,0.007061004638671875,0.2291666666666963,1.8189894035458565e-12,0.8095238095238095,0.7936507936507936,785899
5.680803537368774,0.006033658981323242,0.40322580645161615,1.8189894035458565e-12,0.6428571428571429,0.8015873015873016,785899
5.375261306762695,0.008981466293334961,0.24489795918368304,1.8189894035458565e-12,0.7976190476190477,0.8015873015873016,785899
5.236015319824219,0.007537126541137695,0.33928571428571425,1.8189894035458565e-12,0.7142857142857143,0.7936507936507936,785899
5.676257610321045,0.005266427993774414,0.28846153846153866,1.8189894035458565e-12,0.7619047619047619,0.8015873015873016,785899
5.595837116241455,0.006088972091674805,0.21276595744689578,1.8189894035458565e-12,0.8214285714285714,0.7936507936507936,785899
5.476467132568359,0.006857156753540039,0.3833333333333918,1.8189894035458565e-12,0.6666666666666666,0.8015873015873016,785899
5.730412244796753,0.005462169647216797,0.3833333333333918,1.8189894035458565e-12,0.6666666666666666,0.8015873015873016,785899
5.366225004196167,0.007405996322631836,0.19565217391328926,1.8189894035458565e-12,0.8333333333333334,0.8015873015873016,785899
5.720571041107178,0.005631685256958008,0.32727272727272727,1.8189894035458565e-12,0.7261904761904762,0.7936507936507936,785899
5.8032519817352295,0.005442142486572266,0.1395348837209303,1.8189894035458565e-12,0.8690476190476191,0.7936507936507936,785899
5.824902772903442,0.0054171085357666016,0.41269841269841334,1.8189894035458565e-12,0.6309523809523809,0.7936507936507936,785899
5.794453859329224,0.005254983901977539,0.4714285714285754,1.8189894035458565e-12,0.5476190476190477,0.7936507936507936,785899
5.805177211761475,0.005096435546875,0.28846153846153866,1.8189894035458565e-12,0.7619047619047619,0.7936507936507936,785899
5.60689377784729,0.005772590637207031,0.28846153846153866,1.8189894035458565e-12,0.7619047619047619,0.8015873015873016,785899
4.975163459777832,0.009102106094360352,0.30188679245283023,1.8189894035458565e-12,0.75,0.8015873015873016,785899
5.124207019805908,0.00682830810546875,0.2600000000000029,1.8189894035458565e-12,0.7857142857142857,0.8015873015873016,785899
5.66370415687561,0.0047266483306884766,0.24489795918368304,1.8189894035458565e-12,0.7976190476190477,0.8015873015873016,785899
5.700287103652954,0.004842042922973633,0.47887323943661986,1.8189894035458565e-12,0.5357142857142857,0.8015873015873016,785899
5.685696125030518,0.005141735076904297,0.28846153846153866,1.8189894035458565e-12,0.7619047619047619,0.8015873015873016,785899
5.705398082733154,0.00536656379699707,0.27450980392156954,1.8189894035458565e-12,0.7738095238095238,0.7936507936507936,785899
5.415059804916382,0.006558418273925781,0.11904761904761907,1.8189894035458565e-12,0.8809523809523809,0.7936507936507936,785899
5.520955324172974,0.006528615951538086,0.11904761904761907,1.8189894035458565e-12,0.8809523809523809,0.7936507936507936,785899
5.4229795932769775,0.005710601806640625,0.3620689655169395,1.8189894035458565e-12,0.6904761904761905,0.8015873015873016,785899
5.529032468795776,0.0048177242279052734,0.3833333333333918,1.8189894035458565e-12,0.6666666666666666,0.8015873015873016,785899
5.602128744125366,0.005278825759887695,0.17777777777744141,1.8189894035458565e-12,0.8452380952380952,0.7936507936507936,785899
5.347683906555176,0.006299495697021484,0.3508771929824561,1.8189894035458565e-12,0.7023809523809523,0.7936507936507936,785899
4.769293785095215,0.007504463195800781,0.3333333333333333,1.8189894035458565e-12,0.7380952380952381,0.7936507936507936,720193
5.805540561676025,0.006229877471923828,0.3103448275862069,1.8189894035458565e-12,0.7619047619047619,0.8015873015873016,720193
5.62765645980835,0.005976676940917969,0.3750000000001645,1.8189894035458565e-12,0.6904761904761905,0.7936507936507936,720193
5.39129376411438,0.008118867874145508,0.4736842105263174,1.8189894035458565e-12,0.5476190476190477,0.7936507936507936,720193
5.403197526931763,0.008745193481445312,0.2592592592592624,1.8189894035458565e-12,0.8095238095238095,0.8015873015873016,720193
5.847175359725952,0.00581049919128418,0.4594594594596473,1.8189894035458565e-12,0.5714285714285714,0.8015873015873016,720193
5.687646389007568,0.005391359329223633,0.3103448275862069,1.8189894035458565e-12,0.7619047619047619,0.8015873015873016,720193
5.8540520668029785,0.005580425262451172,0.4285714285714286,1.8189894035458565e-12,0.6190476190476191,0.8015873015873016,720193
5.633433103561401,0.007063150405883789,0.3103448275862069,1.8189894035458565e-12,0.7619047619047619,0.8015873015873016,720193
5.8713531494140625,0.005724430084228516,0.38461538461543404,1.8189894035458565e-12,0.6785714285714286,0.7936507936507936,720193
5.822396755218506,0.005350589752197266,0.27272727272727365,1.8189894035458565e-12,0.7976190476190477,0.7936507936507936,720193
5.357670068740845,0.007663249969482422,0.3220338983050847,1.8189894035458565e-12,0.75,0.7936507936507936,720193
6.064655065536499,0.004851102828979492,0.27272727272727365,1.8189894035458565e-12,0.7976190476190477,0.8015873015873016,720193
5.7164835929870605,0.005478620529174805,0.4520547945205479,1.8189894035458565e-12,0.5833333333333334,0.7936507936507936,720193
5.92415452003479,0.00510859489440918,0.4444444444444445,1.8189894035458565e-12,0.5952380952380952,0.8015873015873016,720193
5.764290809631348,0.005155324935913086,0.3548387096774193,1.8189894035458565e-12,0.7142857142857143,0.7936507936507936,720193
5.8031837940216064,0.005110025405883789,0.49367088607604237,1.8189894035458565e-12,0.5119047619047619,0.8015873015873016,720193
5.818496942520142,0.005099058151245117,0.4117647058823537,1.8189894035458565e-12,0.6428571428571429,0.8015873015873016,720193
5.760364055633545,0.005463600158691406,0.4520547945205479,1.8189894035458565e-12,0.5833333333333334,0.8015873015873016,720193
5.7854695320129395,0.004894256591796875,0.29824561403508776,1.8189894035458565e-12,0.7738095238095238,0.7936507936507936,720193
5.68698525428772,0.004728555679321289,0.43661971830985913,1.8189894035458565e-12,0.6071428571428571,0.8015873015873016,720193
5.552524089813232,0.004658222198486328,0.43661971830985913,1.8189894035458565e-12,0.6071428571428571,0.7936507936507936,720193
5.799689531326294,0.0050165653228759766,0.3333333333333333,1.8189894035458565e-12,0.7380952380952381,0.8015873015873016,720193
5.208722352981567,0.0063021183013916016,0.3750000000001645,1.8189894035458565e-12,0.6904761904761905,0.7936507936507936,720193
5.523687362670898,0.006277322769165039,0.14893617021276592,1.8189894035458565e-12,0.8928571428571429,0.7936507936507936,720193
5.383307456970215,0.0067327022552490234,0.48051948051948057,1.8189894035458565e-12,0.5357142857142857,0.8015873015873016,720193
5.2819883823394775,0.0075914859771728516,0.3220338983050847,1.8189894035458565e-12,0.75,0.7936507936507936,720193
5.5814478397369385,0.005750417709350586,0.21568627450987635,1.8189894035458565e-12,0.8452380952380952,0.7936507936507936,720193
5.416567087173462,0.006060123443603516,0.48051948051948057,1.8189894035458565e-12,0.5357142857142857,0.7936507936507936,720193
4.545243263244629,0.006560802459716797,0.34,1.8189894035458565e-12,0.6904761904761905,0.8015873015873016,261313
5.4076316356658936,0.007627964019775391,0.34,1.8189894035458565e-12,0.6904761904761905,0.7936507936507936,261313
5.7204694747924805,0.006001710891723633,0.46774193548388643,1.8189894035458565e-12,0.5476190476190477,0.8015873015873016,261313
5.651990652084351,0.005869626998901367,0.4107142857142866,1.8189894035458565e-12,0.6190476190476191,0.8015873015873016,261313
5.487840414047241,0.006512641906738281,0.484375,1.8189894035458565e-12,0.5238095238095238,0.8015873015873016,261313
5.815796375274658,0.004694938659667969,0.5352112676056338,1.8189894035458565e-12,0.44047619047619047,0.8015873015873016,261313
5.637720584869385,0.007432222366333008,0.4590163934428342,1.8189894035458565e-12,0.5595238095238095,0.8095238095238095,261313
5.831467390060425,0.004914045333862305,0.5147058823529411,1.8189894035458565e-12,0.47619047619047616,0.7936507936507936,261313
5.764755725860596,0.005495309829711914,0.4590163934428342,1.8189894035458565e-12,0.5595238095238095,0.8015873015873016,261313
5.763615846633911,0.00568389892578125,0.45,1.8189894035458565e-12,0.5714285714285714,0.7936507936507936,261313
5.898962736129761,0.004780769348144531,0.484375,1.8189894035458565e-12,0.5238095238095238,0.8015873015873016,261313
5.902604818344116,0.004991054534912109,0.47619047619047666,1.8189894035458565e-12,0.5357142857142857,0.8015873015873016,261313
6.165349721908569,0.004913806915283203,0.20930232558139533,1.8189894035458565e-12,0.7976190476190477,0.8015873015873016,261313
5.851226806640625,0.005109548568725586,0.49230769230804805,1.8189894035458565e-12,0.5119047619047619,0.8015873015873016,261313
5.829312086105347,0.004831552505493164,0.49230769230804805,1.8189894035458565e-12,0.5119047619047619,0.8015873015873016,261313
5.8812572956085205,0.005230426788330078,0.21428571428579346,1.8189894035458565e-12,0.7857142857142857,0.8015873015873016,261313
5.605173826217651,0.00562596321105957,0.42105263157894746,1.8189894035458565e-12,0.6071428571428571,0.7936507936507936,261313
5.8859946727752686,0.00505375862121582,0.5147058823529411,1.8189894035458565e-12,0.47619047619047616,0.8015873015873016,261313
5.9882636070251465,0.005369424819946289,0.4107142857142866,1.8189894035458565e-12,0.6190476190476191,0.7936507936507936,261313
4.995612144470215,0.00740361213684082,0.3125,1.8189894035458565e-12,0.7142857142857143,0.8015873015873016,261313
4.9136741161346436,0.006134510040283203,0.46774193548388643,1.8189894035458565e-12,0.5476190476190477,0.8015873015873016,261313
5.195649862289429,0.006189107894897461,0.47619047619047666,1.8189894035458565e-12,0.5357142857142857,0.7936507936507936,261313
5.353294849395752,0.00635981559753418,0.32653061224489793,1.8189894035458565e-12,0.7023809523809523,0.8015873015873016,261313
5.3098204135894775,0.006022453308105469,0.4310344827586208,1.8189894035458565e-12,0.5952380952380952,0.7936507936507936,261313
5.672516107559204,0.005259513854980469,0.3529411764705882,1.8189894035458565e-12,0.6785714285714286,0.8015873015873016,261313
5.778628349304199,0.0046389102935791016,0.47619047619047666,1.8189894035458565e-12,0.5357142857142857,0.7936507936507936,261313
5.831538677215576,0.005079984664916992,0.4000000000000054,1.8189894035458565e-12,0.6309523809523809,0.8015873015873016,261313
5.7862935066223145,0.004592418670654297,0.3653846153851055,1.8189894035458565e-12,0.6666666666666666,0.8015873015873016,261313
5.598406553268433,0.005187034606933594,0.5147058823529411,1.8189894035458565e-12,0.47619047619047616,0.7936507936507936,261313
4.967970609664917,0.010314702987670898,0.22000000000005476,1.8189894035458565e-12,0.8333333333333334,0.7936507936507936,538363
5.224886417388916,0.007236480712890625,0.30357142857142866,1.8189894035458565e-12,0.7619047619047619,0.8015873015873016,538363
5.485715389251709,0.00716400146484375,0.2909090909090912,1.8189894035458565e-12,0.7738095238095238,0.8015873015873016,538363
5.662397384643555,0.005502462387084961,0.23529411764707805,1.8189894035458565e-12,0.8214285714285714,0.7936507936507936,538363
5.536947727203369,0.006770133972167969,0.3809523809524602,1.8189894035458565e-12,0.6785714285714286,0.7936507936507936,538363
5.670659065246582,0.007056474685668945,0.3275862068965517,1.8189894035458565e-12,0.7380952380952381,0.8015873015873016,538363
5.4877307415008545,0.006550312042236328,0.41791044776119424,1.8189894035458565e-12,0.6309523809523809,0.7936507936507936,538363
5.599176645278931,0.00663304328918457,0.4868421052631579,1.8189894035458565e-12,0.5238095238095238,0.8015873015873016,538363
5.779150009155273,0.005623579025268555,0.45070422535211263,1.8189894035458565e-12,0.5833333333333334,0.7936507936507936,538363
5.732813596725464,0.00641632080078125,0.30357142857142866,1.8189894035458565e-12,0.7619047619047619,0.8015873015873016,538363
5.766319751739502,0.005933046340942383,0.42647058823529416,1.8189894035458565e-12,0.6190476190476191,0.8015873015873016,538363
5.683893442153931,0.0056304931640625,0.40000000000000546,1.8189894035458565e-12,0.6547619047619048,0.7936507936507936,538363
5.757677793502808,0.006628274917602539,0.33898305084745756,1.8189894035458565e-12,0.7261904761904762,0.8015873015873016,538363
5.769779443740845,0.005454301834106445,0.45833333333358595,1.8189894035458565e-12,0.5714285714285714,0.8015873015873016,538363
5.7821221351623535,0.005500316619873047,0.3906250000000218,1.8189894035458565e-12,0.6666666666666666,0.7936507936507936,538363
6.090531349182129,0.0069081783294677734,0.22000000000005476,1.8189894035458565e-12,0.8333333333333334,0.8015873015873016,538363
4.924044847488403,0.00741267204284668,0.35,1.8189894035458565e-12,0.7142857142857143,0.7936507936507936,538363
4.997199773788452,0.006200313568115234,0.45833333333358595,1.8189894035458565e-12,0.5714285714285714,0.7936507936507936,538363
5.092451810836792,0.006980180740356445,0.45833333333358595,1.8189894035458565e-12,0.5714285714285714,0.8015873015873016,538363
5.473824501037598,0.004704713821411133,0.33898305084745756,1.8189894035458565e-12,0.7261904761904762,0.8015873015873016,538363
5.263670206069946,0.004367351531982422,0.4428571428571428,1.8189894035458565e-12,0.5952380952380952,0.8015873015873016,538363
5.378581523895264,0.004692792892456055,0.41791044776119424,1.8189894035458565e-12,0.6309523809523809,0.7936507936507936,538363
5.667963027954102,0.005686044692993164,0.2641509433962285,1.8189894035458565e-12,0.7976190476190477,0.7936507936507936,538363
5.073958396911621,0.006717681884765625,0.45070422535211263,1.8189894035458565e-12,0.5833333333333334,0.8015873015873016,538363
5.632219314575195,0.006363391876220703,0.1875000000003907,1.8189894035458565e-12,0.8571428571428571,0.7936507936507936,538363
5.3905487060546875,0.0062944889068603516,0.3809523809524602,1.8189894035458565e-12,0.6785714285714286,0.8015873015873016,538363
5.656543016433716,0.005523681640625,0.4428571428571428,1.8189894035458565e-12,0.5952380952380952,0.8015873015873016,538363
5.595529794692993,0.005456209182739258,0.3275862068965517,1.8189894035458565e-12,0.7380952380952381,0.7936507936507936,538363
5.278991222381592,0.005776166915893555,0.45833333333358595,1.8189894035458565e-12,0.5714285714285714,0.7936507936507936,538363
4.634381055831909,0.007703542709350586,0.2500000000000064,1.8189894035458565e-12,0.7857142857142857,0.7936507936507936,257279
5.298952341079712,0.006754636764526367,0.32075471698113206,1.8189894035458565e-12,0.7261904761904762,0.8015873015873016,257279
5.261596918106079,0.007207632064819336,0.4461538461538462,1.8189894035458565e-12,0.5833333333333334,0.7936507936507936,257279
5.5873565673828125,0.007071971893310547,0.20000000000019041,1.8189894035458565e-12,0.8214285714285714,0.8015873015873016,257279
5.369222640991211,0.007339954376220703,0.47058823529412314,1.8189894035458565e-12,0.5476190476190477,0.8015873015873016,257279
5.813761234283447,0.006791114807128906,0.5324675324675324,1.8189894035458565e-12,0.44047619047619047,0.8015873015873016,257279
5.732457160949707,0.00567317008972168,0.5068493150684932,1.8189894035458565e-12,0.4880952380952381,0.8015873015873016,257279
5.696371078491211,0.006670236587524414,0.52,1.8189894035458565e-12,0.4642857142857143,0.8015873015873016,257279
5.541530609130859,0.0054590702056884766,0.5068493150684932,1.8189894035458565e-12,0.4880952380952381,0.7936507936507936,257279
5.815656423568726,0.006828784942626953,0.40000000000000546,1.8189894035458565e-12,0.6428571428571429,0.8015873015873016,257279
4.956986904144287,0.008301973342895508,0.4626865671642554,1.8189894035458565e-12,0.5595238095238095,0.8015873015873016,257279
5.058698892593384,0.006144285202026367,0.5135135135135135,1.8189894035458565e-12,0.47619047619047616,0.7936507936507936,257279
4.971549987792969,0.006540775299072266,0.4545454545450978,1.8189894035458565e-12,0.5714285714285714,0.8015873015873016,257279
5.662266731262207,0.0055522918701171875,0.4782608695652176,1.8189894035458565e-12,0.5357142857142857,0.8015873015873016,257279
5.280237674713135,0.004257678985595703,0.4461538461538462,1.8189894035458565e-12,0.5714285714285714,0.8015873015873016,257279
5.544377088546753,0.004996061325073242,0.13953488372093023,1.8189894035458565e-12,0.8690476190476191,0.8015873015873016,257279
5.356006860733032,0.0045392513275146484,0.14285714285714288,1.8189894035458565e-12,0.8571428571428571,0.8015873015873016,257279
5.348926067352295,0.004174947738647461,0.5068493150684932,1.8189894035458565e-12,0.4880952380952381,0.7936507936507936,257279
5.559629678726196,0.004382133483886719,0.52,1.8189894035458565e-12,0.4642857142857143,0.8015873015873016,257279
5.362465858459473,0.004582643508911133,0.33333333333333337,1.8189894035458565e-12,0.7142857142857143,0.7936507936507936,257279
5.4106175899505615,0.004393815994262695,0.4545454545450978,1.8189894035458565e-12,0.5714285714285714,0.8015873015873016,257279
5.301896810531616,0.004221916198730469,0.4461538461538462,1.8189894035458565e-12,0.5833333333333334,0.8015873015873016,257279
5.286359786987305,0.007361888885498047,0.23404255319151032,1.8189894035458565e-12,0.7976190476190477,0.7936507936507936,257279
5.287873029708862,0.006093263626098633,0.4857142857142857,1.8189894035458565e-12,0.5238095238095238,0.7936507936507936,257279
5.154522895812988,0.006539344787597656,0.2800000000000005,1.8189894035458565e-12,0.7619047619047619,0.7936507936507936,257279
5.234516620635986,0.006167888641357422,0.5068493150684932,1.8189894035458565e-12,0.4880952380952381,0.8015873015873016,257279
5.112072706222534,0.0061817169189453125,0.5,1.8189894035458565e-12,0.5,0.8015873015873016,257279
4.827837228775024,0.006844520568847656,0.40000000000000546,1.8189894035458565e-12,0.6428571428571429,0.8015873015873016,257279
5.479506492614746,0.007058382034301758,0.49295774647906715,1.8189894035458565e-12,0.5119047619047619,0.7936507936507936,257279
4.635444402694702,0.011220455169677734,0.297872340425532,1.8189894035458565e-12,0.7261904761904762,0.7936507936507936,893255
5.16474723815918,0.009172677993774414,0.23255813953490714,1.8189894035458565e-12,0.7738095238095238,0.8015873015873016,893255
5.666754484176636,0.007693290710449219,0.26666666666666833,1.8189894035458565e-12,0.75,0.7936507936507936,893255
5.889278888702393,0.006644248962402344,0.19565217391304346,1.8189894035458565e-12,0.8333333333333334,0.8015873015873016,893255
5.766569375991821,0.006277322769165039,0.32653061224489793,1.8189894035458565e-12,0.7023809523809523,0.7936507936507936,893255
5.781858921051025,0.005991458892822266,0.3125,1.8189894035458565e-12,0.7142857142857143,0.7936507936507936,893255
5.719963312149048,0.0063934326171875,0.38888888888891665,1.8189894035458565e-12,0.6428571428571429,0.8015873015873016,893255
5.836528062820435,0.00643157958984375,0.4590163934428342,1.8189894035458565e-12,0.5595238095238095,0.7936507936507936,893255
5.739459037780762,0.005774736404418945,0.5,1.8189894035458565e-12,0.5,0.8015873015873016,893255
5.627242088317871,0.0071909427642822266,0.2045454545454545,1.8189894035458565e-12,0.8095238095238095,0.8015873015873016,893255
5.784433603286743,0.006237983703613281,0.4107142857142866,1.8189894035458565e-12,0.6190476190476191,0.8015873015873016,893255
5.71840763092041,0.006513833999633789,0.4000000000000054,1.8189894035458565e-12,0.6309523809523809,0.7936507936507936,893255
5.855855226516724,0.006449460983276367,0.3529411764705882,1.8189894035458565e-12,0.6785714285714286,0.7936507936507936,893255
5.553238868713379,0.004786491394042969,0.2500000000000064,1.8189894035458565e-12,0.7619047619047619,0.7936507936507936,893255
5.549874544143677,0.00509953498840332,0.26666666666666833,1.8189894035458565e-12,0.75,0.7936507936507936,893255
5.553705453872681,0.0044100284576416016,0.18367346938775508,1.8189894035458565e-12,0.8690476190476191,0.8015873015873016,893255
5.502932786941528,0.005072593688964844,0.297872340425532,1.8189894035458565e-12,0.7261904761904762,0.7936507936507936,893255
5.490763187408447,0.004331350326538086,0.47619047619047666,1.8189894035458565e-12,0.5357142857142857,0.8015873015873016,893255
5.518113136291504,0.004746198654174805,0.46774193548388643,1.8189894035458565e-12,0.5595238095238095,0.7936507936507936,893255
5.414005994796753,0.004783153533935547,0.32653061224489793,1.8189894035458565e-12,0.7023809523809523,0.8015873015873016,893255
5.551768779754639,0.005092144012451172,0.3529411764705882,1.8189894035458565e-12,0.6785714285714286,0.8015873015873016,893255
5.483232021331787,0.004479885101318359,0.4107142857142866,1.8189894035458565e-12,0.6190476190476191,0.7936507936507936,893255
5.699377536773682,0.006529331207275391,0.21428571428579346,1.8189894035458565e-12,0.7857142857142857,0.8015873015873016,893255
5.501144886016846,0.005962371826171875,0.46774193548388643,1.8189894035458565e-12,0.5476190476190477,0.7936507936507936,893255
5.158641338348389,0.007014751434326172,0.2500000000000064,1.8189894035458565e-12,0.7619047619047619,0.8015873015873016,893255
5.516366720199585,0.005998849868774414,0.4310344827586208,1.8189894035458565e-12,0.5952380952380952,0.8015873015873016,893255
5.0603532791137695,0.009672164916992188,0.47619047619047666,1.8189894035458565e-12,0.5357142857142857,0.7936507936507936,893255
5.662820339202881,0.006723642349243164,0.297872340425532,1.8189894035458565e-12,0.7261904761904762,0.7936507936507936,893255
5.309796571731567,0.0071446895599365234,0.3653846153851055,1.8189894035458565e-12,0.6666666666666666,0.8015873015873016,893255
5.612815856933594,0.007227182388305664,0.23255813953490714,1.8189894035458565e-12,0.7738095238095238,0.7857142857142857,527796
5.837236166000366,0.006271839141845703,0.32653061224489793,1.8189894035458565e-12,0.7023809523809523,0.8015873015873016,527796
5.3282835483551025,0.007864236831665039,0.20930232558139533,1.8189894035458565e-12,0.7976190476190477,0.7936507936507936,527796
5.88150429725647,0.006003141403198242,0.2500000000000064,1.8189894035458565e-12,0.7619047619047619,0.7936507936507936,527796
5.7795445919036865,0.006422996520996094,0.37735849056616155,1.8189894035458565e-12,0.6547619047619048,0.8015873015873016,527796
5.940876245498657,0.006620883941650391,0.47619047619047666,1.8189894035458565e-12,0.5357142857142857,0.7936507936507936,527796
5.957254648208618,0.0063588619232177734,0.3529411764705882,1.8189894035458565e-12,0.6785714285714286,0.8015873015873016,527796
5.525114297866821,0.006928443908691406,0.45,1.8189894035458565e-12,0.5714285714285714,0.7936507936507936,527796
5.7661659717559814,0.012897253036499023,0.297872340425532,1.8189894035458565e-12,0.7261904761904762,0.7936507936507936,527796
5.491813659667969,0.006165266036987305,0.19999999999999998,1.8189894035458565e-12,0.8214285714285714,0.7936507936507936,527796
5.859527587890625,0.0062754154205322266,0.1875,1.8189894035458565e-12,0.8571428571428571,0.8015873015873016,527796
4.6081366539001465,0.007009744644165039,0.46774193548388643,1.8189894035458565e-12,0.5476190476190477,0.8015873015873016,527796
4.776610374450684,0.0075724124908447266,0.19148936170212766,1.8189894035458565e-12,0.8452380952380952,0.8015873015873016,527796
4.910050392150879,0.007604360580444336,0.1875,1.8189894035458565e-12,0.8571428571428571,0.8015873015873016,527796
5.442722320556641,0.004816770553588867,0.34,1.8189894035458565e-12,0.6904761904761905,0.8015873015873016,527796
5.563072204589844,0.004565000534057617,0.21428571428579346,1.8189894035458565e-12,0.7857142857142857,0.8015873015873016,527796
5.40437388420105,0.004549264907836914,0.3125,1.8189894035458565e-12,0.7142857142857143,0.7936507936507936,527796
5.400980234146118,0.0054721832275390625,0.4000000000000054,1.8189894035458565e-12,0.6309523809523809,0.7936507936507936,527796
5.486842632293701,0.004942178726196289,0.3653846153851055,1.8189894035458565e-12,0.6666666666666666,0.8015873015873016,527796
5.421584844589233,0.004291057586669922,0.19148936170212766,1.8189894035458565e-12,0.8452380952380952,0.8015873015873016,527796
5.462725400924683,0.0045719146728515625,0.4000000000000054,1.8189894035458565e-12,0.6309523809523809,0.8015873015873016,527796
5.427859783172607,0.005475044250488281,0.45,1.8189894035458565e-12,0.5714285714285714,0.8015873015873016,527796
5.397329330444336,0.006685018539428711,0.2826086956521744,1.8189894035458565e-12,0.7380952380952381,0.7936507936507936,527796
5.02213716506958,0.008509159088134766,0.34,1.8189894035458565e-12,0.6904761904761905,0.8015873015873016,527796
5.242393255233765,0.0059926509857177734,0.18367346938775508,1.8189894035458565e-12,0.8690476190476191,0.7936507936507936,527796
5.126023292541504,0.00721430778503418,0.47619047619047666,1.8189894035458565e-12,0.5357142857142857,0.7936507936507936,527796
5.1306891441345215,0.006037712097167969,0.37735849056616155,1.8189894035458565e-12,0.6547619047619048,0.8015873015873016,527796
5.391874313354492,0.005837440490722656,0.3529411764705882,1.8189894035458565e-12,0.6785714285714286,0.7936507936507936,527796
5.429566860198975,0.005967617034912109,0.34,1.8189894035458565e-12,0.6904761904761905,0.7936507936507936,527796
4.787431240081787,0.007955789566040039,0.4477611940298507,1.8189894035458565e-12,0.5833333333333334,0.8015873015873016,657486
5.4841296672821045,0.007601022720336914,0.4477611940298507,1.8189894035458565e-12,0.5833333333333334,0.8015873015873016,657486
5.504629373550415,0.006046772003173828,0.4558823529416437,1.8189894035458565e-12,0.5714285714285714,0.8015873015873016,657486
5.625804424285889,0.005825042724609375,0.43076923076923074,1.8189894035458565e-12,0.6071428571428571,0.7936507936507936,657486
5.2283008098602295,0.006658077239990234,0.513157894736842,1.8189894035458565e-12,0.47619047619047616,0.7936507936507936,657486
5.656205892562866,0.007074832916259766,0.3508771929824561,1.8189894035458565e-12,0.7023809523809523,0.8015873015873016,657486
5.965743064880371,0.006193399429321289,0.5256410256410257,1.8189894035458565e-12,0.4523809523809524,0.7936507936507936,657486
4.871063470840454,0.006967306137084961,0.46376811594208434,1.8189894035458565e-12,0.5595238095238095,0.8015873015873016,657486
4.843477725982666,0.007760286331176758,0.4931506849316671,1.8189894035458565e-12,0.5119047619047619,0.8015873015873016,657486
4.932645082473755,0.006457805633544922,0.4931506849316671,1.8189894035458565e-12,0.5119047619047619,0.8015873015873016,657486
4.699524879455566,0.006492137908935547,0.5316455696202532,1.8189894035458565e-12,0.44047619047619047,0.7936507936507936,657486
4.702337265014648,0.00702214241027832,0.40322580645161615,1.8189894035458565e-12,0.6428571428571429,0.7936507936507936,657486
4.858783483505249,0.007753610610961914,0.3620689655169395,1.8189894035458565e-12,0.6904761904761905,0.8015873015873016,657486
4.718430995941162,0.007337093353271484,0.5194805194805195,1.8189894035458565e-12,0.4642857142857143,0.7936507936507936,657486
4.9154722690582275,0.006761074066162109,0.46376811594208434,1.8189894035458565e-12,0.5595238095238095,0.8015873015873016,657486
4.888415098190308,0.006068706512451172,0.43076923076923074,1.8189894035458565e-12,0.6071428571428571,0.7936507936507936,657486
5.358830451965332,0.005030155181884766,0.4218750000000001,1.8189894035458565e-12,0.6190476190476191,0.8015873015873016,657486
5.235169887542725,0.005318880081176758,0.513157894736842,1.8189894035458565e-12,0.47619047619047616,0.7936507936507936,657486
5.426734685897827,0.0046427249908447266,0.4861111111111111,1.8189894035458565e-12,0.5238095238095238,0.7936507936507936,657486
5.266578435897827,0.004780292510986328,0.4714285714285754,1.8189894035458565e-12,0.5476190476190477,0.8015873015873016,657486
5.489168167114258,0.006670236587524414,0.4558823529416437,1.8189894035458565e-12,0.5714285714285714,0.7936507936507936,657486
5.252066373825073,0.004835367202758789,0.4393939393939394,1.8189894035458565e-12,0.5952380952380952,0.7936507936507936,657486
5.322155237197876,0.00751948356628418,0.4558823529416437,1.8189894035458565e-12,0.5714285714285714,0.7936507936507936,657486
5.7909111976623535,0.0057163238525390625,0.3833333333333918,1.8189894035458565e-12,0.6666666666666666,0.8015873015873016,657486
5.370910406112671,0.005913257598876953,0.41269841269841334,1.8189894035458565e-12,0.6309523809523809,0.8015873015873016,657486
5.304888010025024,0.007668256759643555,0.4393939393939394,1.8189894035458565e-12,0.5952380952380952,0.7936507936507936,657486
5.76102089881897,0.0064601898193359375,0.4861111111111111,1.8189894035458565e-12,0.5238095238095238,0.8015873015873016,657486
5.563976526260376,0.006129026412963867,0.4931506849316671,1.8189894035458565e-12,0.5119047619047619,0.8015873015873016,657486
5.3294572830200195,0.005425930023193359,0.5256410256410257,1.8189894035458565e-12,0.4523809523809524,0.8015873015873016,657486
5.254287481307983,0.008735418319702148,0.11627906976744186,1.8189894035458565e-12,0.8928571428571429,0.8015873015873016,966655
5.958553791046143,0.007479667663574219,0.11627906976744186,1.8189894035458565e-12,0.8928571428571429,0.7936507936507936,966655
5.815171957015991,0.005917549133300781,0.11627906976744186,1.8189894035458565e-12,0.8928571428571429,0.7936507936507936,966655
5.648709535598755,0.0059356689453125,0.10638297872340426,1.8189894035458565e-12,0.9404761904761905,0.7936507936507936,966655
6.084330797195435,0.006427288055419922,0.11627906976744186,1.8189894035458565e-12,0.8928571428571429,0.8015873015873016,966655
6.023585796356201,0.0059511661529541016,0.30188679245283023,1.8189894035458565e-12,0.75,0.7936507936507936,966655
5.607927560806274,0.0057752132415771484,0.11904761904761907,1.8189894035458565e-12,0.8809523809523809,0.7936507936507936,966655
5.025270700454712,0.0059621334075927734,0.3620689655169395,1.8189894035458565e-12,0.6904761904761905,0.7936507936507936,966655
4.760913848876953,0.00748133659362793,0.28846153846153866,1.8189894035458565e-12,0.7619047619047619,0.8015873015873016,966655
4.967851877212524,0.007328987121582031,0.19565217391328926,1.8189894035458565e-12,0.8333333333333334,0.7936507936507936,966655
4.863831996917725,0.006590366363525391,0.10638297872340426,1.8189894035458565e-12,0.9404761904761905,0.8015873015873016,966655
4.714955806732178,0.007284879684448242,0.37288135593241456,1.8189894035458565e-12,0.6785714285714286,0.8015873015873016,966655
5.074866056442261,0.006045103073120117,0.37288135593241456,1.8189894035458565e-12,0.6785714285714286,0.8015873015873016,966655
4.878295660018921,0.0067784786224365234,0.10869565217391303,1.8189894035458565e-12,0.9285714285714286,0.8015873015873016,966655
4.906912088394165,0.00632023811340332,0.10638297872340426,1.8189894035458565e-12,0.9404761904761905,0.8015873015873016,966655
4.912208080291748,0.005835056304931641,0.10638297872340426,1.8189894035458565e-12,0.9404761904761905,0.8015873015873016,966655
5.381730794906616,0.005233049392700195,0.17777777777744141,1.8189894035458565e-12,0.8452380952380952,0.8015873015873016,966655
5.337549924850464,0.004738330841064453,0.2600000000000029,1.8189894035458565e-12,0.7857142857142857,0.8015873015873016,966655
5.185665607452393,0.005730867385864258,0.31481481481481477,1.8189894035458565e-12,0.7380952380952381,0.7936507936507936,966655
5.218402147293091,0.004651069641113281,0.10638297872340426,1.8189894035458565e-12,0.9404761904761905,0.7936507936507936,966655
5.185432195663452,0.004374027252197266,0.10638297872340426,1.8189894035458565e-12,0.9404761904761905,0.8015873015873016,966655
5.30033278465271,0.004431486129760742,0.21276595744689578,1.8189894035458565e-12,0.8214285714285714,0.8015873015873016,966655
5.043107271194458,0.00742650032043457,0.10638297872340426,1.8189894035458565e-12,0.9404761904761905,0.8015873015873016,966655
5.242306232452393,0.005255222320556641,0.1395348837209303,1.8189894035458565e-12,0.8690476190476191,0.7936507936507936,966655
5.6110053062438965,0.007174015045166016,0.10638297872340426,1.8189894035458565e-12,0.9404761904761905,0.8015873015873016,966655
5.111727714538574,0.007012605667114258,0.33928571428571425,1.8189894035458565e-12,0.7142857142857143,0.8015873015873016,966655
5.162457466125488,0.006506443023681641,0.27450980392156954,1.8189894035458565e-12,0.7738095238095238,0.7936507936507936,966655
5.586202383041382,0.006215810775756836,0.24489795918368304,1.8189894035458565e-12,0.7976190476190477,0.7936507936507936,966655
5.2490715980529785,0.006506204605102539,0.10638297872340426,1.8189894035458565e-12,0.9404761904761905,0.7936507936507936,966655
4.739349365234375,0.008267402648925781,0.18604651162790697,1.8189894035458565e-12,0.8214285714285714,0.8015873015873016,342329
5.622775316238403,0.006626605987548828,0.3333333333333333,1.8189894035458565e-12,0.7023809523809523,0.7936507936507936,342329
5.743381977081299,0.005600452423095703,0.29166666666666685,1.8189894035458565e-12,0.7380952380952381,0.7936507936507936,342329
5.703031778335571,0.006855010986328125,0.17777777777777778,1.8189894035458565e-12,0.8452380952380952,0.8015873015873016,342329
5.56303858757019,0.0054514408111572266,0.4137931034482764,1.8189894035458565e-12,0.6190476190476191,0.7936507936507936,342329
5.524731874465942,0.006058216094970703,0.5072463768115941,1.8189894035458565e-12,0.4880952380952381,0.8015873015873016,342329
5.652461051940918,0.006211757659912109,0.48484848484848486,1.8189894035458565e-12,0.5238095238095238,0.8015873015873016,342329
5.904865980148315,0.006544828414916992,0.4687500000000108,1.8189894035458565e-12,0.5595238095238095,0.8015873015873016,342329
4.800508499145508,0.00921320915222168,0.4687500000000108,1.8189894035458565e-12,0.5476190476190477,0.7936507936507936,342329
4.808878660202026,0.007069110870361328,0.44262295081967207,1.8189894035458565e-12,0.5833333333333334,0.7936507936507936,342329
4.733164548873901,0.007101535797119141,0.18604651162790697,1.8189894035458565e-12,0.8214285714285714,0.8015873015873016,342329
4.8916075229644775,0.009823799133300781,0.17777777777777778,1.8189894035458565e-12,0.8452380952380952,0.8015873015873016,342329
4.939446687698364,0.0057544708251953125,0.3928571428571587,1.8189894035458565e-12,0.6428571428571429,0.7936507936507936,342329
4.653815746307373,0.007144927978515625,0.24444444444445437,1.8189894035458565e-12,0.7738095238095238,0.8015873015873016,342329
4.898366212844849,0.007292509078979492,0.29166666666666685,1.8189894035458565e-12,0.7380952380952381,0.8015873015873016,342329
4.713884115219116,0.00588679313659668,0.18181818181818182,1.8189894035458565e-12,0.8333333333333334,0.7936507936507936,342329
5.258935213088989,0.004557132720947266,0.18181818181818182,1.8189894035458565e-12,0.8333333333333334,0.7936507936507936,342329
5.145285129547119,0.0047779083251953125,0.42372881355932207,1.8189894035458565e-12,0.6071428571428571,0.8015873015873016,342329
5.291757106781006,0.004217863082885742,0.5211267605633804,1.8189894035458565e-12,0.4642857142857143,0.8015873015873016,342329
5.295351028442383,0.004445075988769531,0.24444444444445437,1.8189894035458565e-12,0.7738095238095238,0.8015873015873016,342329
5.2869956493377686,0.00492548942565918,0.34615384615384615,1.8189894035458565e-12,0.6904761904761905,0.8015873015873016,342329
5.189832448959351,0.005107402801513672,0.4603174603176093,1.8189894035458565e-12,0.5595238095238095,0.7936507936507936,342329
5.496006488800049,0.007747173309326172,0.19047619047652092,1.8189894035458565e-12,0.8095238095238095,0.8015873015873016,342329
5.238269329071045,0.005751371383666992,0.48484848484848486,1.8189894035458565e-12,0.5238095238095238,0.8015873015873016,342329
5.211485147476196,0.005873441696166992,0.17391304347826086,1.8189894035458565e-12,0.8571428571428571,0.8015873015873016,342329
5.3307836055755615,0.005872011184692383,0.49253731343312473,1.8189894035458565e-12,0.5119047619047619,0.7936507936507936,342329
5.155924320220947,0.0066280364990234375,0.4137931034482764,1.8189894035458565e-12,0.6190476190476191,0.7936507936507936,342329
4.956926584243774,0.006354570388793945,0.3584905660377358,1.8189894035458565e-12,0.6785714285714286,0.7936507936507936,342329
5.2761383056640625,0.005796670913696289,0.3333333333333333,1.8189894035458565e-12,0.7023809523809523,0.7936507936507936,342329
4.689101696014404,0.007396697998046875,0.21276595744680848,1.8189894035458565e-12,0.8214285714285714,0.7936507936507936,278135
5.305004119873047,0.006824016571044922,0.4181818181818184,1.8189894035458565e-12,0.6071428571428571,0.8015873015873016,278135
5.281020164489746,0.0059299468994140625,0.43859649122807015,1.8189894035458565e-12,0.5833333333333334,0.8015873015873016,278135
5.585099220275879,0.006162166595458984,0.19607843137254902,1.8189894035458565e-12,0.8690476190476191,0.7936507936507936,278135
5.754206895828247,0.006457328796386719,0.43859649122807015,1.8189894035458565e-12,0.5833333333333334,0.8015873015873016,278135
5.853165626525879,0.006226062774658203,0.43859649122807015,1.8189894035458565e-12,0.5833333333333334,0.7936507936507936,278135
5.74569034576416,0.006605625152587891,0.407407407407409,1.8189894035458565e-12,0.6190476190476191,0.8015873015873016,278135
5.763884782791138,0.005769014358520508,0.45762711864437056,1.8189894035458565e-12,0.5595238095238095,0.7936507936507936,278135
5.7416651248931885,0.005944490432739258,0.5616438356164384,1.8189894035458565e-12,0.39285714285714285,0.8015873015873016,278135
5.782609462738037,0.006234884262084961,0.39622641509434925,1.8189894035458565e-12,0.6309523809523809,0.7936507936507936,278135
5.881899356842041,0.006911039352416992,0.19607843137254902,1.8189894035458565e-12,0.8690476190476191,0.8015873015873016,278135
4.822186708450317,0.006209135055541992,0.5555555555555556,1.8189894035458565e-12,0.40476190476190477,0.7936507936507936,278135
5.049994945526123,0.007600545883178711,0.4920634920639328,1.8189894035458565e-12,0.5119047619047619,0.7936507936507936,278135
5.217075347900391,0.006217479705810547,0.35999999999986587,1.8189894035458565e-12,0.6666666666666666,0.7936507936507936,278135
4.823008060455322,0.007159709930419922,0.27272727272727365,1.8189894035458565e-12,0.7380952380952381,0.7936507936507936,278135
5.160897731781006,0.006942272186279297,0.19607843137254902,1.8189894035458565e-12,0.8690476190476191,0.8015873015873016,278135
4.932802677154541,0.006331682205200195,0.19999999999999998,1.8189894035458565e-12,0.8571428571428571,0.8015873015873016,278135
5.408146142959595,0.004345893859863281,0.44827586206896547,1.8189894035458565e-12,0.5714285714285714,0.8015873015873016,278135
5.291862726211548,0.004163980484008789,0.5362318840579711,1.8189894035458565e-12,0.44047619047619047,0.8015873015873016,278135
5.291243553161621,0.004401445388793945,0.25581395348837616,1.8189894035458565e-12,0.75,0.8015873015873016,278135
5.578222751617432,0.00449371337890625,0.21739130434782608,1.8189894035458565e-12,0.8095238095238095,0.7936507936507936,278135
5.447558403015137,0.004800081253051758,0.4181818181818184,1.8189894035458565e-12,0.6071428571428571,0.8015873015873016,278135
5.985927104949951,0.00566864013671875,0.1923076923076923,1.8189894035458565e-12,0.8809523809523809,0.7936507936507936,278135
5.407666444778442,0.0070056915283203125,0.45762711864437056,1.8189894035458565e-12,0.5595238095238095,0.7936507936507936,278135
5.343125581741333,0.0072116851806640625,0.20833333333333334,1.8189894035458565e-12,0.8333333333333334,0.7936507936507936,278135
5.437004089355469,0.00569605827331543,0.384615384615434,1.8189894035458565e-12,0.6428571428571429,0.8015873015873016,278135
5.409620046615601,0.004990577697753906,0.4181818181818184,1.8189894035458565e-12,0.6071428571428571,0.8015873015873016,278135
5.200770616531372,0.006048679351806641,0.5492957746478874,1.8189894035458565e-12,0.4166666666666667,0.7936507936507936,278135
5.198935508728027,0.007703065872192383,0.407407407407409,1.8189894035458565e-12,0.6190476190476191,0.7936507936507936,278135
5.008099555969238,0.007695913314819336,0.20833333333333334,1.8189894035458565e-12,0.8333333333333334,0.7936507936507936,937904
5.261098146438599,0.006239652633666992,0.47540983606557446,1.8189894035458565e-12,0.5357142857142857,0.7936507936507936,937904
5.256850957870483,0.006309032440185547,0.45,1.8189894035458565e-12,0.5714285714285714,0.7936507936507936,937904
5.1507248878479,0.0076558589935302734,0.3191489361702128,1.8189894035458565e-12,0.7023809523809523,0.8015873015873016,937904
5.328020334243774,0.006101131439208984,0.43859649122807015,1.8189894035458565e-12,0.5833333333333334,0.7936507936507936,937904
5.475976943969727,0.00574040412902832,0.25581395348837616,1.8189894035458565e-12,0.75,0.8015873015873016,937904
5.178042888641357,0.006165742874145508,0.5223880597014925,1.8189894035458565e-12,0.4642857142857143,0.7936507936507936,937904
5.6006457805633545,0.006394147872924805,0.25581395348837616,1.8189894035458565e-12,0.75,0.8015873015873016,937904
4.883093357086182,0.007200002670288086,0.5223880597014925,1.8189894035458565e-12,0.4642857142857143,0.8015873015873016,937904
5.0463337898254395,0.006659507751464844,0.39622641509434925,1.8189894035458565e-12,0.6309523809523809,0.8015873015873016,937904
4.972722291946411,0.0064945220947265625,0.45762711864437056,1.8189894035458565e-12,0.5595238095238095,0.8015873015873016,937904
4.895381927490234,0.006554126739501953,0.5492957746478874,1.8189894035458565e-12,0.4166666666666667,0.8015873015873016,937904
4.890432357788086,0.006879329681396484,0.28888888888888914,1.8189894035458565e-12,0.7261904761904762,0.7936507936507936,937904
4.958999156951904,0.005838871002197266,0.3043478260869566,1.8189894035458565e-12,0.7142857142857143,0.8015873015873016,937904
5.317377090454102,0.004338502883911133,0.44827586206896547,1.8189894035458565e-12,0.5714285714285714,0.8015873015873016,937904
5.3288657665252686,0.00428009033203125,0.47619047619047666,1.8189894035458565e-12,0.5357142857142857,0.8015873015873016,937904
5.175157070159912,0.00417780876159668,0.21739130434782608,1.8189894035458565e-12,0.8095238095238095,0.7936507936507936,937904
5.4909749031066895,0.0045604705810546875,0.44827586206896547,1.8189894035458565e-12,0.5714285714285714,0.7936507936507936,937904
5.335099458694458,0.004325151443481445,0.45762711864437056,1.8189894035458565e-12,0.5595238095238095,0.8015873015873016,937904
5.234359979629517,0.004105329513549805,0.5,1.8189894035458565e-12,0.5119047619047619,0.8015873015873016,937904
5.3115763664245605,0.0045773983001708984,0.43859649122807015,1.8189894035458565e-12,0.5833333333333334,0.7936507936507936,937904
5.227004051208496,0.0047342777252197266,0.4181818181818184,1.8189894035458565e-12,0.6071428571428571,0.7936507936507936,937904
5.3530919551849365,0.00513148307800293,0.384615384615434,1.8189894035458565e-12,0.6428571428571429,0.8015873015873016,937904
5.057351350784302,0.005787849426269531,0.47540983606557446,1.8189894035458565e-12,0.5357142857142857,0.7936507936507936,937904
5.078582286834717,0.0061151981353759766,0.407407407407409,1.8189894035458565e-12,0.6190476190476191,0.7936507936507936,937904
5.065635919570923,0.00567173957824707,0.3333333333333333,1.8189894035458565e-12,0.6904761904761905,0.7936507936507936,937904
5.053339719772339,0.006037712097167969,0.3529411764705882,1.8189894035458565e-12,0.6785714285714286,0.8015873015873016,937904
5.156202554702759,0.005789518356323242,0.4285714285714286,1.8189894035458565e-12,0.5952380952380952,0.7936507936507936,937904
5.292442083358765,0.00634765625,0.5362318840579711,1.8189894035458565e-12,0.44047619047619047,0.7936507936507936,937904
5.409501791000366,0.0063250064849853516,0.3023255813953489,1.8189894035458565e-12,0.7023809523809523,0.8015873015873016,151985
5.263465166091919,0.006514549255371094,0.28260869565217395,1.8189894035458565e-12,0.7380952380952381,0.7936507936507936,151985
5.583977699279785,0.0052335262298583984,0.28260869565217395,1.8189894035458565e-12,0.7380952380952381,0.7936507936507936,151985
5.497943162918091,0.005944728851318359,0.4912280701753135,1.8189894035458565e-12,0.5119047619047619,0.8015873015873016,151985
5.427028656005859,0.00561070442199707,0.2765957446808511,1.8189894035458565e-12,0.75,0.7936507936507936,151985
5.349231958389282,0.0064547061920166016,0.3023255813953489,1.8189894035458565e-12,0.7023809523809523,0.8015873015873016,151985
5.3984375,0.006943464279174805,0.4081632653061238,1.8189894035458565e-12,0.6071428571428571,0.7936507936507936,151985
5.61422872543335,0.006423473358154297,0.2888888888888889,1.8189894035458565e-12,0.7261904761904762,0.7936507936507936,151985
5.793713331222534,0.0050525665283203125,0.25490196078431376,1.8189894035458565e-12,0.7976190476190477,0.7936507936507936,151985
6.123037338256836,0.005702018737792969,0.4629629629630333,1.8189894035458565e-12,0.5476190476190477,0.8015873015873016,151985
5.942979335784912,0.005949497222900391,0.47272727272727516,1.8189894035458565e-12,0.5357142857142857,0.8015873015873016,151985
5.899890661239624,0.005682229995727539,0.24074074074074076,1.8189894035458565e-12,0.8333333333333334,0.8015873015873016,151985
5.082751512527466,0.006396055221557617,0.3023255813953489,1.8189894035458565e-12,0.7023809523809523,0.7936507936507936,151985
5.0661211013793945,0.006482839584350586,0.24528301886792456,1.8189894035458565e-12,0.8214285714285714,0.7936507936507936,151985
5.212423324584961,0.00638580322265625,0.44230769230769224,1.8189894035458565e-12,0.5714285714285714,0.7936507936507936,151985
5.27432918548584,0.0060846805572509766,0.2765957446808511,1.8189894035458565e-12,0.75,0.8015873015873016,151985
4.82760214805603,0.0058248043060302734,0.3095238095238096,1.8189894035458565e-12,0.6904761904761905,0.7936507936507936,151985
5.096415281295776,0.0070226192474365234,0.3958333333333436,1.8189894035458565e-12,0.6190476190476191,0.7936507936507936,151985
5.410257339477539,0.004618644714355469,0.24528301886792456,1.8189894035458565e-12,0.8214285714285714,0.7936507936507936,151985
5.6782066822052,0.00467991828918457,0.44230769230769224,1.8189894035458565e-12,0.5714285714285714,0.7936507936507936,151985
5.664733409881592,0.004613399505615234,0.5161290322580645,1.8189894035458565e-12,0.47619047619047616,0.8015873015873016,151985
5.511922597885132,0.004648447036743164,0.28260869565217395,1.8189894035458565e-12,0.7380952380952381,0.7936507936507936,151985
5.1032021045684814,0.0067975521087646484,0.3023255813953489,1.8189894035458565e-12,0.7023809523809523,0.8015873015873016,151985
5.293767690658569,0.005536556243896484,0.25,1.8189894035458565e-12,0.8095238095238095,0.8015873015873016,151985
5.419642686843872,0.0056912899017333984,0.3409090909090909,1.8189894035458565e-12,0.6666666666666666,0.7936507936507936,151985
5.392510652542114,0.005316019058227539,0.2888888888888889,1.8189894035458565e-12,0.7261904761904762,0.8015873015873016,151985
5.439236402511597,0.0061168670654296875,0.4528301886792006,1.8189894035458565e-12,0.5595238095238095,0.7936507936507936,151985
5.3918561935424805,0.005686044692993164,0.3829787234043165,1.8189894035458565e-12,0.6309523809523809,0.7936507936507936,151985
5.519834280014038,0.005624532699584961,0.3829787234043165,1.8189894035458565e-12,0.6309523809523809,0.7936507936507936,151985
4.83069372177124,0.008284568786621094,0.27272727272727365,1.8189894035458565e-12,0.7380952380952381,0.7936507936507936,918136
5.147960186004639,0.007543087005615234,0.4285714285714286,1.8189894035458565e-12,0.5833333333333334,0.7936507936507936,918136
5.434162855148315,0.006208896636962891,0.3043478260869566,1.8189894035458565e-12,0.7142857142857143,0.8015873015873016,918136
5.2188591957092285,0.006309986114501953,0.5555555555555556,1.8189894035458565e-12,0.40476190476190477,0.7936507936507936,918136
5.621976375579834,0.00594019889831543,0.44827586206896547,1.8189894035458565e-12,0.5714285714285714,0.7936507936507936,918136
5.460204601287842,0.005750417709350586,0.28888888888888914,1.8189894035458565e-12,0.7261904761904762,0.7936507936507936,918136
5.805891752243042,0.005477190017700195,0.45762711864437056,1.8189894035458565e-12,0.5595238095238095,0.7936507936507936,918136
5.543838262557983,0.005663394927978516,0.384615384615434,1.8189894035458565e-12,0.6428571428571429,0.8015873015873016,918136
5.6722047328948975,0.006132841110229492,0.2040816326530612,1.8189894035458565e-12,0.8452380952380952,0.7936507936507936,918136
5.8539299964904785,0.00702667236328125,0.47540983606557446,1.8189894035458565e-12,0.5357142857142857,0.7936507936507936,918136
5.674505949020386,0.005530834197998047,0.4285714285714286,1.8189894035458565e-12,0.5952380952380952,0.8015873015873016,918136
5.821025133132935,0.0063703060150146484,0.19607843137254902,1.8189894035458565e-12,0.8690476190476191,0.8015873015873016,918136
5.865463733673096,0.006042957305908203,0.3725490196080626,1.8189894035458565e-12,0.6547619047619048,0.8015873015873016,918136
6.079541206359863,0.00503993034362793,0.19999999999999998,1.8189894035458565e-12,0.8571428571428571,0.7936507936507936,918136
4.952555179595947,0.006489753723144531,0.47540983606557446,1.8189894035458565e-12,0.5357142857142857,0.8015873015873016,918136
5.301114082336426,0.005715370178222656,0.5428571428571428,1.8189894035458565e-12,0.42857142857142855,0.7936507936507936,918136
5.217168569564819,0.005936622619628906,0.21739130434782608,1.8189894035458565e-12,0.8095238095238095,0.8015873015873016,918136
5.111473798751831,0.00613856315612793,0.2325581395348837,1.8189894035458565e-12,0.7738095238095238,0.8015873015873016,918136
5.0727760791778564,0.00722956657409668,0.21276595744680848,1.8189894035458565e-12,0.8214285714285714,0.7936507936507936,918136
5.299370050430298,0.004853487014770508,0.22727272727272727,1.8189894035458565e-12,0.7857142857142857,0.7936507936507936,918136
5.206286668777466,0.004919290542602539,0.5294117647058824,1.8189894035458565e-12,0.4523809523809524,0.7936507936507936,918136
5.533684492111206,0.004916667938232422,0.3043478260869566,1.8189894035458565e-12,0.7142857142857143,0.8015873015873016,918136
5.427847862243652,0.00543975830078125,0.4285714285714286,1.8189894035458565e-12,0.5952380952380952,0.7936507936507936,918136
5.225576162338257,0.00629734992980957,0.22222222222222218,1.8189894035458565e-12,0.7976190476190477,0.7936507936507936,918136
5.07565975189209,0.006078481674194336,0.22727272727272727,1.8189894035458565e-12,0.7857142857142857,0.8015873015873016,918136
5.38292121887207,0.005806922912597656,0.28888888888888914,1.8189894035458565e-12,0.7261904761904762,0.7936507936507936,918136
5.407666921615601,0.0057446956634521484,0.4285714285714286,1.8189894035458565e-12,0.5952380952380952,0.7936507936507936,918136
5.345362424850464,0.005608797073364258,0.4181818181818184,1.8189894035458565e-12,0.6071428571428571,0.7936507936507936,918136
5.0656421184539795,0.006582736968994141,0.4666666666666888,1.8189894035458565e-12,0.5476190476190477,0.7936507936507936,918136
5.37846827507019,0.0075380802154541016,0.3653846153851055,1.8189894035458565e-12,0.6666666666666666,0.7936507936507936,395129
5.782896995544434,0.004725933074951172,0.18,1.8189894035458565e-12,0.8809523809523809,0.7936507936507936,395129
5.508256912231445,0.005642414093017578,0.1764705882352941,1.8189894035458565e-12,0.8928571428571429,0.7936507936507936,395129
5.629175662994385,0.004184246063232422,0.1764705882352941,1.8189894035458565e-12,0.8928571428571429,0.7936507936507936,395129
5.666004419326782,0.004456996917724609,0.18367346938775508,1.8189894035458565e-12,0.8690476190476191,0.8015873015873016,395129
5.443881988525391,0.0059621334075927734,0.17777777777777778,1.8189894035458565e-12,0.8333333333333334,0.7936507936507936,395129
5.357909917831421,0.006762027740478516,0.19999999999999998,1.8189894035458565e-12,0.8214285714285714,0.7936507936507936,395129
5.357599973678589,0.007646083831787109,0.17021276595744683,1.8189894035458565e-12,0.8690476190476191,0.7936507936507936,395129
5.767445802688599,0.005147695541381836,0.2826086956521744,1.8189894035458565e-12,0.7380952380952381,0.7936507936507936,395129
5.4166953563690186,0.00641322135925293,0.297872340425532,1.8189894035458565e-12,0.7261904761904762,0.8015873015873016,395129
5.719055652618408,0.004749774932861328,0.18,1.8189894035458565e-12,0.8809523809523809,0.7936507936507936,395129
5.627809762954712,0.004937648773193359,0.2826086956521744,1.8189894035458565e-12,0.7380952380952381,0.7936507936507936,395129
5.621930122375488,0.004824638366699219,0.2500000000000064,1.8189894035458565e-12,0.7619047619047619,0.7936507936507936,395129
5.777832508087158,0.005207538604736328,0.19999999999999998,1.8189894035458565e-12,0.8214285714285714,0.7936507936507936,395129
5.297525405883789,0.00559544563293457,0.17391304347826086,1.8189894035458565e-12,0.8571428571428571,0.7936507936507936,395129
5.212427377700806,0.005571842193603516,0.23255813953490714,1.8189894035458565e-12,0.7738095238095238,0.7936507936507936,395129
4.862948894500732,0.007889270782470703,0.1764705882352941,1.8189894035458565e-12,0.8928571428571429,0.7936507936507936,395129
5.075694561004639,0.007338285446166992,0.32653061224489793,1.8189894035458565e-12,0.7023809523809523,0.7936507936507936,395129
5.339635133743286,0.006434202194213867,0.34,1.8189894035458565e-12,0.6904761904761905,0.8015873015873016,395129
5.417663335800171,0.00557708740234375,0.19148936170212766,1.8189894035458565e-12,0.8452380952380952,0.8015873015873016,395129
5.041814088821411,0.00941610336303711,0.2500000000000064,1.8189894035458565e-12,0.7619047619047619,0.8015873015873016,395129
5.070831060409546,0.00694727897644043,0.26666666666666833,1.8189894035458565e-12,0.75,0.7936507936507936,395129
5.385750770568848,0.0061376094818115234,0.21428571428579346,1.8189894035458565e-12,0.8095238095238095,0.7936507936507936,395129
5.523702383041382,0.0048558712005615234,0.3125,1.8189894035458565e-12,0.7142857142857143,0.7936507936507936,395129
5.346037864685059,0.006426572799682617,0.16666666666666666,1.8189894035458565e-12,0.8809523809523809,0.8015873015873016,395129
5.482314348220825,0.0052759647369384766,0.26666666666666833,1.8189894035458565e-12,0.75,0.7936507936507936,395129
5.542791128158569,0.004552364349365234,0.23255813953490714,1.8189894035458565e-12,0.7738095238095238,0.7936507936507936,395129
5.3502137660980225,0.005101203918457031,0.1875,1.8189894035458565e-12,0.8571428571428571,0.8015873015873016,395129
5.412534713745117,0.0042569637298583984,0.1764705882352941,1.8189894035458565e-12,0.8928571428571429,0.8015873015873016,395129
5.289362907409668,0.0068264007568359375,0.4318181818181818,1.8189894035458565e-12,0.5714285714285714,0.7936507936507936,561993
5.7450501918792725,0.005421876907348633,0.33999999999999997,1.8189894035458565e-12,0.6904761904761905,0.8015873015873016,561993
5.341611623764038,0.006602764129638672,0.3090909090909091,1.8189894035458565e-12,0.75,0.7936507936507936,561993
5.3979105949401855,0.0061647891998291016,0.39534883720930225,1.8189894035458565e-12,0.6071428571428571,0.7936507936507936,561993
5.6950507164001465,0.005304813385009766,0.38636363636363635,1.8189894035458565e-12,0.6190476190476191,0.8015873015873016,561993
5.606140613555908,0.005137920379638672,0.37777777777777777,1.8189894035458565e-12,0.6309523809523809,0.7936507936507936,561993
5.2736921310424805,0.006269216537475586,0.489795918367347,1.8189894035458565e-12,0.5119047619047619,0.8015873015873016,561993
5.340158939361572,0.00576329231262207,0.3617021276595745,1.8189894035458565e-12,0.6547619047619048,0.8015873015873016,561993
5.847634792327881,0.005135297775268555,0.4791666666666668,1.8189894035458565e-12,0.5238095238095238,0.8015873015873016,561993
5.31349778175354,0.007500886917114258,0.489795918367347,1.8189894035458565e-12,0.5119047619047619,0.7936507936507936,561993
5.445396900177002,0.006031036376953125,0.3333333333333333,1.8189894035458565e-12,0.7023809523809523,0.7936507936507936,561993
5.588748931884766,0.005109071731567383,0.5192307692307693,1.8189894035458565e-12,0.47619047619047616,0.8015873015873016,561993
5.490564584732056,0.005724906921386719,0.3695652173913044,1.8189894035458565e-12,0.6428571428571429,0.7936507936507936,561993
5.798787593841553,0.006521463394165039,0.3090909090909091,1.8189894035458565e-12,0.75,0.8015873015873016,561993
5.151185035705566,0.006058931350708008,0.3333333333333333,1.8189894035458565e-12,0.7023809523809523,0.7936507936507936,561993
4.843217849731445,0.00707697868347168,0.45652173913083427,1.8189894035458565e-12,0.5476190476190477,0.7936507936507936,561993
4.970548868179321,0.008697032928466797,0.3090909090909091,1.8189894035458565e-12,0.75,0.7936507936507936,561993
4.899303674697876,0.010463476181030273,0.5283018867924528,1.8189894035458565e-12,0.4642857142857143,0.7936507936507936,561993
5.520998477935791,0.0045201778411865234,0.5098039215686274,1.8189894035458565e-12,0.4880952380952381,0.8015873015873016,561993
5.291903495788574,0.004335880279541016,0.3541666666666667,1.8189894035458565e-12,0.6666666666666666,0.7936507936507936,561993
5.599571943283081,0.004876613616943359,0.5370370370370371,1.8189894035458565e-12,0.4523809523809524,0.8015873015873016,561993
5.294010162353516,0.004294157028198242,0.46808510638299244,1.8189894035458565e-12,0.5357142857142857,0.8015873015873016,561993
5.718365669250488,0.005986928939819336,0.4444444444444445,1.8189894035458565e-12,0.5595238095238095,0.7936507936507936,561993
5.3129637241363525,0.005976438522338867,0.46808510638299244,1.8189894035458565e-12,0.5357142857142857,0.8015873015873016,561993
5.6164562702178955,0.0054514408111572266,0.3090909090909091,1.8189894035458565e-12,0.75,0.7936507936507936,561993
5.30977463722229,0.006490945816040039,0.41860465116279094,1.8189894035458565e-12,0.5833333333333334,0.8015873015873016,561993
5.335400581359863,0.00563502311706543,0.5192307692307693,1.8189894035458565e-12,0.47619047619047616,0.8015873015873016,561993
5.536163568496704,0.005223989486694336,0.3090909090909091,1.8189894035458565e-12,0.75,0.7936507936507936,561993
5.294898271560669,0.005486488342285156,0.3148148148148148,1.8189894035458565e-12,0.7380952380952381,0.7936507936507936,561993
5.203488826751709,0.006819486618041992,0.27906976744186046,1.8189894035458565e-12,0.7261904761904762,0.7936507936507936,998757
5.063404083251953,0.015521049499511719,0.3750000000001645,1.8189894035458565e-12,0.6428571428571429,0.8015873015873016,998757
5.280593395233154,0.006043434143066406,0.45454545454509776,1.8189894035458565e-12,0.5595238095238095,0.7936507936507936,998757
5.1238579750061035,0.006403446197509766,0.22641509433962262,1.8189894035458565e-12,0.8452380952380952,0.7936507936507936,998757
5.5308678150177,0.005865812301635742,0.3333333333333333,1.8189894035458565e-12,0.6785714285714286,0.8015873015873016,998757
5.762127637863159,0.005078315734863281,0.5454545454545454,1.8189894035458565e-12,0.42857142857142855,0.8015873015873016,998757
5.59980320930481,0.0060694217681884766,0.4117647058823537,1.8189894035458565e-12,0.6071428571428571,0.8015873015873016,998757
5.29369592666626,0.005786895751953125,0.4642857142857615,1.8189894035458565e-12,0.5476190476190477,0.7936507936507936,998757
5.519567251205444,0.005476236343383789,0.5384615384615384,1.8189894035458565e-12,0.44047619047619047,0.7936507936507936,998757
5.234738826751709,0.005747318267822266,0.3750000000001645,1.8189894035458565e-12,0.6428571428571429,0.7936507936507936,998757
5.287720203399658,0.005986690521240234,0.2222222222222222,1.8189894035458565e-12,0.8571428571428571,0.7936507936507936,998757
5.670801877975464,0.005740165710449219,0.2553191489361702,1.8189894035458565e-12,0.7738095238095238,0.7857142857142857,998757
5.592653751373291,0.005713939666748047,0.5161290322580645,1.8189894035458565e-12,0.47619047619047616,0.7936507936507936,998757
4.97423243522644,0.006967782974243164,0.45454545454509776,1.8189894035458565e-12,0.5595238095238095,0.8015873015873016,998757
4.642865180969238,0.008915185928344727,0.34782608695652173,1.8189894035458565e-12,0.6666666666666666,0.7936507936507936,998757
4.825258731842041,0.00700688362121582,0.27272727272727276,1.8189894035458565e-12,0.7380952380952381,0.7936507936507936,998757
5.46317982673645,0.004789829254150391,0.2222222222222222,1.8189894035458565e-12,0.8571428571428571,0.8015873015873016,998757
5.4672815799713135,0.004790306091308594,0.285714285714286,1.8189894035458565e-12,0.7142857142857143,0.8015873015873016,998757
5.388038396835327,0.00445556640625,0.44444444444444453,1.8189894035458565e-12,0.5714285714285714,0.8015873015873016,998757
5.421480178833008,0.0047152042388916016,0.27272727272727276,1.8189894035458565e-12,0.7380952380952381,0.8015873015873016,998757
5.4743499755859375,0.004606962203979492,0.24,1.8189894035458565e-12,0.8095238095238095,0.8015873015873016,998757
5.425968170166016,0.0048067569732666016,0.34782608695652173,1.8189894035458565e-12,0.6666666666666666,0.7936507936507936,998757
5.475183963775635,0.005904674530029297,0.22641509433962262,1.8189894035458565e-12,0.8452380952380952,0.8015873015873016,998757
5.091264009475708,0.007226228713989258,0.44444444444444453,1.8189894035458565e-12,0.5714285714285714,0.8015873015873016,998757
5.273564577102661,0.0059778690338134766,0.27272727272727276,1.8189894035458565e-12,0.7380952380952381,0.7936507936507936,998757
5.153444766998291,0.0059850215911865234,0.4827586206896552,1.8189894035458565e-12,0.5238095238095238,0.8015873015873016,998757
5.029072523117065,0.006206512451171875,0.36170212765929993,1.8189894035458565e-12,0.6547619047619048,0.8015873015873016,998757
5.2527172565460205,0.005620002746582031,0.38775510204084873,1.8189894035458565e-12,0.6309523809523809,0.7936507936507936,998757
5.30487847328186,0.0057866573333740234,0.4827586206896552,1.8189894035458565e-12,0.5238095238095238,0.8015873015873016,998757
5.622939586639404,0.00587153434753418,0.2545454545454545,1.8189894035458565e-12,0.8214285714285714,0.8015873015873016,863985
6.027876853942871,0.005114078521728516,0.25925925925925924,1.8189894035458565e-12,0.8095238095238095,0.7936507936507936,863985
5.315327405929565,0.0073359012603759766,0.425531914893617,1.8189894035458565e-12,0.5952380952380952,0.8015873015873016,863985
5.80414605140686,0.0051381587982177734,0.2641509433962264,1.8189894035458565e-12,0.7976190476190477,0.8015873015873016,863985
5.570503234863281,0.006845951080322266,0.2692307692307692,1.8189894035458565e-12,0.7857142857142857,0.8015873015873016,863985
5.562687873840332,0.005509614944458008,0.25925925925925924,1.8189894035458565e-12,0.7976190476190477,0.7936507936507936,863985
5.792857885360718,0.0043315887451171875,0.3,1.8189894035458565e-12,0.7380952380952381,0.7936507936507936,863985
5.4833598136901855,0.006623506546020508,0.25925925925925924,1.8189894035458565e-12,0.8095238095238095,0.8015873015873016,863985
5.4969322681427,0.006288290023803711,0.2727272727272727,1.8189894035458565e-12,0.7976190476190477,0.7936507936507936,863985
5.798815011978149,0.0049173831939697266,0.33333333333333337,1.8189894035458565e-12,0.6547619047619048,0.8015873015873016,863985
5.104053258895874,0.0067598819732666016,0.3111111111111111,1.8189894035458565e-12,0.7023809523809523,0.7936507936507936,863985
5.839760065078735,0.0048635005950927734,0.25,1.8189894035458565e-12,0.8333333333333334,0.7936507936507936,863985
5.545262336730957,0.006330013275146484,0.2692307692307692,1.8189894035458565e-12,0.7857142857142857,0.8015873015873016,863985
5.4600019454956055,0.006529092788696289,0.26315789473684215,1.8189894035458565e-12,0.8214285714285714,0.8015873015873016,863985
5.895709753036499,0.005101919174194336,0.3191489361702128,1.8189894035458565e-12,0.7023809523809523,0.7936507936507936,863985
5.850978851318359,0.004752635955810547,0.3125,1.8189894035458565e-12,0.7142857142857143,0.8015873015873016,863985
5.9196107387542725,0.004685878753662109,0.25,1.8189894035458565e-12,0.8214285714285714,0.7936507936507936,863985
5.694944858551025,0.005496501922607422,0.2884615384615385,1.8189894035458565e-12,0.7619047619047619,0.8015873015873016,863985
5.923384666442871,0.004668474197387695,0.36363636363595503,1.8189894035458565e-12,0.6428571428571429,0.7936507936507936,863985
5.728468418121338,0.005081892013549805,0.2777777777777778,1.8189894035458565e-12,0.7857142857142857,0.8015873015873016,863985
5.838757038116455,0.004974365234375,0.29411764705882354,1.8189894035458565e-12,0.75,0.8015873015873016,863985
5.643827676773071,0.005204439163208008,0.27999999999999997,1.8189894035458565e-12,0.7619047619047619,0.7936507936507936,863985
5.435130834579468,0.007153987884521484,0.2830188679245283,1.8189894035458565e-12,0.7738095238095238,0.7936507936507936,863985
5.537827253341675,0.0052700042724609375,0.2692307692307692,1.8189894035458565e-12,0.7857142857142857,0.7936507936507936,863985
5.434568881988525,0.006943702697753906,0.3913043478261068,1.8189894035458565e-12,0.6190476190476191,0.7936507936507936,863985
5.47831130027771,0.0057048797607421875,0.2777777777777778,1.8189894035458565e-12,0.7857142857142857,0.7936507936507936,863985
5.517207384109497,0.005913734436035156,0.2884615384615385,1.8189894035458565e-12,0.7619047619047619,0.7936507936507936,863985
5.713176488876343,0.004578351974487305,0.2641509433962264,1.8189894035458565e-12,0.7976190476190477,0.7936507936507936,863985
5.735611200332642,0.004507541656494141,0.3571428571428571,1.8189894035458565e-12,0.6428571428571429,0.7936507936507936,863985
6.098409175872803,0.005959749221801758,0.27272727272727365,1.8189894035458565e-12,0.7380952380952381,0.7936507936507936,180679
5.909803152084351,0.005278825759887695,0.25581395348837616,1.8189894035458565e-12,0.75,0.8015873015873016,180679
5.9443089962005615,0.0048787593841552734,0.3191489361702128,1.8189894035458565e-12,0.7023809523809523,0.7936507936507936,180679
5.44930624961853,0.007819890975952148,0.45762711864437056,1.8189894035458565e-12,0.5595238095238095,0.8015873015873016,180679
5.583847284317017,0.006899118423461914,0.25581395348837616,1.8189894035458565e-12,0.75,0.8015873015873016,180679
5.354963541030884,0.007500410079956055,0.27272727272727365,1.8189894035458565e-12,0.7380952380952381,0.8015873015873016,180679
5.768051624298096,0.005146026611328125,0.407407407407409,1.8189894035458565e-12,0.6190476190476191,0.8015873015873016,180679
5.994389057159424,0.004966020584106445,0.3333333333333333,1.8189894035458565e-12,0.6904761904761905,0.8015873015873016,180679
5.948181867599487,0.004636049270629883,0.21739130434782608,1.8189894035458565e-12,0.8095238095238095,0.7936507936507936,180679
5.823399782180786,0.00531005859375,0.4666666666666888,1.8189894035458565e-12,0.5476190476190477,0.7936507936507936,180679
5.907305717468262,0.004362821578979492,0.43859649122807015,1.8189894035458565e-12,0.5833333333333334,0.8015873015873016,180679
5.921525716781616,0.0046460628509521484,0.19999999999999998,1.8189894035458565e-12,0.8571428571428571,0.8015873015873016,180679
5.83576512336731,0.004634857177734375,0.3191489361702128,1.8189894035458565e-12,0.7023809523809523,0.8015873015873016,180679
5.840883255004883,0.0048122406005859375,0.19607843137254902,1.8189894035458565e-12,0.8690476190476191,0.7936507936507936,180679
5.9009850025177,0.0048635005950927734,0.44827586206896547,1.8189894035458565e-12,0.5714285714285714,0.8015873015873016,180679
5.996217250823975,0.005207538604736328,0.48387096774193544,1.8189894035458565e-12,0.5238095238095238,0.7936507936507936,180679
5.921521186828613,0.004954099655151367,0.22727272727272727,1.8189894035458565e-12,0.7857142857142857,0.7936507936507936,180679
5.887447357177734,0.0050122737884521484,0.28888888888888914,1.8189894035458565e-12,0.7261904761904762,0.7936507936507936,180679
5.6031811237335205,0.0063152313232421875,0.3725490196080626,1.8189894035458565e-12,0.6547619047619048,0.8015873015873016,180679
5.544336318969727,0.005911588668823242,0.22222222222222218,1.8189894035458565e-12,0.7976190476190477,0.8015873015873016,180679
5.475599765777588,0.006124258041381836,0.407407407407409,1.8189894035458565e-12,0.6190476190476191,0.7936507936507936,180679
5.539478063583374,0.006084442138671875,0.25581395348837616,1.8189894035458565e-12,0.75,0.8015873015873016,180679
5.61179780960083,0.007042884826660156,0.25581395348837616,1.8189894035458565e-12,0.75,0.7936507936507936,180679
5.535987615585327,0.005782127380371094,0.22222222222222218,1.8189894035458565e-12,0.7976190476190477,0.8015873015873016,180679
5.514199495315552,0.00622105598449707,0.28888888888888914,1.8189894035458565e-12,0.7261904761904762,0.8015873015873016,180679
5.519318342208862,0.006133556365966797,0.23809523809525393,1.8189894035458565e-12,0.7619047619047619,0.7936507936507936,180679
5.737474679946899,0.00497889518737793,0.4285714285714286,1.8189894035458565e-12,0.5952380952380952,0.8015873015873016,180679
5.621628046035767,0.0045125484466552734,0.35999999999986587,1.8189894035458565e-12,0.6547619047619048,0.8015873015873016,180679
5.6175923347473145,0.004746675491333008,0.384615384615434,1.8189894035458565e-12,0.6428571428571429,0.7936507936507936,180679
5.636593818664551,0.00865483283996582,0.26,1.8189894035458565e-12,0.7857142857142857,0.7936507936507936,336172
4.785608768463135,0.007729053497314453,0.3023255813953489,1.8189894035458565e-12,0.7023809523809523,0.7936507936507936,336172
5.421926021575928,0.008153915405273438,0.26,1.8189894035458565e-12,0.7857142857142857,0.7936507936507936,336172
5.380223989486694,0.007559061050415039,0.4528301886792006,1.8189894035458565e-12,0.5595238095238095,0.8015873015873016,336172
5.683194875717163,0.004580259323120117,0.44230769230769224,1.8189894035458565e-12,0.5714285714285714,0.7936507936507936,336172
5.702495574951172,0.0051953792572021484,0.3095238095238096,1.8189894035458565e-12,0.6904761904761905,0.7936507936507936,336172
5.483830451965332,0.006140232086181641,0.42000000000000015,1.8189894035458565e-12,0.5952380952380952,0.7936507936507936,336172
5.429912328720093,0.0067768096923828125,0.36956521739161313,1.8189894035458565e-12,0.6428571428571429,0.7936507936507936,336172
5.295956134796143,0.00605463981628418,0.3555555555555556,1.8189894035458565e-12,0.6547619047619048,0.8015873015873016,336172
5.616136789321899,0.005405902862548828,0.3555555555555556,1.8189894035458565e-12,0.6547619047619048,0.8015873015873016,336172
5.59999942779541,0.004438877105712891,0.2653061224489796,1.8189894035458565e-12,0.7738095238095238,0.8015873015873016,336172
5.821355819702148,0.0053195953369140625,0.26,1.8189894035458565e-12,0.7857142857142857,0.7936507936507936,336172
5.781105041503906,0.0060236454010009766,0.3829787234043165,1.8189894035458565e-12,0.6309523809523809,0.7936507936507936,336172
5.781749248504639,0.00481104850769043,0.3023255813953489,1.8189894035458565e-12,0.7023809523809523,0.7936507936507936,336172
5.851562261581421,0.005948305130004883,0.3095238095238096,1.8189894035458565e-12,0.6904761904761905,0.8015873015873016,336172
5.2915496826171875,0.006482124328613281,0.3829787234043165,1.8189894035458565e-12,0.6309523809523809,0.8015873015873016,336172
5.19451379776001,0.007082700729370117,0.29545454545454547,1.8189894035458565e-12,0.7142857142857143,0.8015873015873016,336172
4.956700801849365,0.0059740543365478516,0.2888888888888889,1.8189894035458565e-12,0.7261904761904762,0.7936507936507936,336172
4.9494171142578125,0.008597612380981445,0.42000000000000015,1.8189894035458565e-12,0.5952380952380952,0.7936507936507936,336172
5.206596851348877,0.006394386291503906,0.5245901639344263,1.8189894035458565e-12,0.4642857142857143,0.8015873015873016,336172
4.876549482345581,0.006430625915527344,0.2653061224489796,1.8189894035458565e-12,0.7738095238095238,0.8015873015873016,336172
5.350810527801514,0.004636287689208984,0.44230769230769224,1.8189894035458565e-12,0.5714285714285714,0.7936507936507936,336172
5.623694896697998,0.0044040679931640625,0.2653061224489796,1.8189894035458565e-12,0.7738095238095238,0.7936507936507936,336172
5.414384841918945,0.006701231002807617,0.42000000000000015,1.8189894035458565e-12,0.5952380952380952,0.7936507936507936,336172
5.785586357116699,0.005074501037597656,0.26,1.8189894035458565e-12,0.7857142857142857,0.7936507936507936,336172
5.556062936782837,0.006011962890625,0.47272727272727516,1.8189894035458565e-12,0.5357142857142857,0.7936507936507936,336172
5.62929105758667,0.005425214767456055,0.36956521739161313,1.8189894035458565e-12,0.6428571428571429,0.7936507936507936,336172
5.633312463760376,0.0047359466552734375,0.2888888888888889,1.8189894035458565e-12,0.7261904761904762,0.7936507936507936,336172
5.365528106689453,0.006926774978637695,0.3255813953488373,1.8189894035458565e-12,0.6785714285714286,0.8015873015873016,336172
4.884087324142456,0.008990764617919922,0.4242424242424243,1.8189894035458565e-12,0.6190476190476191,0.7936507936507936,556357
5.406001329421997,0.0077495574951171875,0.2692307692307706,1.8189894035458565e-12,0.7857142857142857,0.8015873015873016,556357
5.968125343322754,0.005908489227294922,0.2830188679245287,1.8189894035458565e-12,0.7738095238095238,0.8015873015873016,556357
5.745213031768799,0.005599498748779297,0.5189873417721519,1.8189894035458565e-12,0.4642857142857143,0.7936507936507936,556357
5.940595626831055,0.005644083023071289,0.32142857142857145,1.8189894035458565e-12,0.7380952380952381,0.8015873015873016,556357
5.5303966999053955,0.007932424545288086,0.22448979591840798,1.8189894035458565e-12,0.8214285714285714,0.7936507936507936,556357
5.3712146282196045,0.006982088088989258,0.3666666666670929,1.8189894035458565e-12,0.6904761904761905,0.7936507936507936,556357
6.063717603683472,0.005138874053955078,0.24000000000001373,1.8189894035458565e-12,0.8095238095238095,0.7936507936507936,556357
5.980332374572754,0.005756855010986328,0.0952380952380953,1.8189894035458565e-12,0.9047619047619048,0.8015873015873016,556357
5.958190202713013,0.00516200065612793,0.4794520547945207,1.8189894035458565e-12,0.5357142857142857,0.8015873015873016,556357
5.815444469451904,0.005481719970703125,0.5,1.8189894035458565e-12,0.5,0.8015873015873016,556357
5.767315149307251,0.005460977554321289,0.08695652173913043,1.8189894035458565e-12,0.9523809523809523,0.8015873015873016,556357
5.650021076202393,0.006694316864013672,0.32142857142857145,1.8189894035458565e-12,0.7380952380952381,0.7936507936507936,556357
5.839463472366333,0.005771636962890625,0.17391304347807487,1.8189894035458565e-12,0.8571428571428571,0.7936507936507936,556357
5.836294412612915,0.005423784255981445,0.3870967741935839,1.8189894035458565e-12,0.6666666666666666,0.8015873015873016,556357
5.7559731006622314,0.0053789615631103516,0.4864864864864865,1.8189894035458565e-12,0.5238095238095238,0.7936507936507936,556357
5.944297790527344,0.006037473678588867,0.4794520547945207,1.8189894035458565e-12,0.5357142857142857,0.7936507936507936,556357
5.955185651779175,0.005504608154296875,0.4722222222222251,1.8189894035458565e-12,0.5476190476190477,0.7936507936507936,556357
5.137256622314453,0.007920265197753906,0.3968253968254057,1.8189894035458565e-12,0.6547619047619048,0.7936507936507936,556357
5.600754499435425,0.00487208366394043,0.17391304347807487,1.8189894035458565e-12,0.8571428571428571,0.8015873015873016,556357
5.5459136962890625,0.004788637161254883,0.37704918032799745,1.8189894035458565e-12,0.6785714285714286,0.8015873015873016,556357
5.580804109573364,0.004446506500244141,0.4864864864864865,1.8189894035458565e-12,0.5238095238095238,0.8015873015873016,556357
5.711514234542847,0.005033731460571289,0.37704918032799745,1.8189894035458565e-12,0.6785714285714286,0.7936507936507936,556357
5.717945337295532,0.0054967403411865234,0.4328358208955224,1.8189894035458565e-12,0.6071428571428571,0.7936507936507936,556357
5.72057580947876,0.006282329559326172,0.30909090909090914,1.8189894035458565e-12,0.75,0.8015873015873016,556357
5.347309350967407,0.006888389587402344,0.2830188679245287,1.8189894035458565e-12,0.7738095238095238,0.8015873015873016,556357
5.382521390914917,0.006365537643432617,0.406250000000002,1.8189894035458565e-12,0.6428571428571429,0.7936507936507936,556357
5.575225353240967,0.0051441192626953125,0.35593220338983056,1.8189894035458565e-12,0.7023809523809523,0.8015873015873016,556357
5.378265142440796,0.007094144821166992,0.2549019607843182,1.8189894035458565e-12,0.7976190476190477,0.8015873015873016,556357
3.989816188812256,0.007851600646972656,0.4137931034482764,1.8189894035458565e-12,0.6190476190476191,0.7936507936507936,893198
5.396564483642578,0.006090641021728516,0.31999999999999995,1.8189894035458565e-12,0.7142857142857143,0.8015873015873016,893198
5.234565496444702,0.007925748825073242,0.18604651162790697,1.8189894035458565e-12,0.8214285714285714,0.7936507936507936,893198
5.922834396362305,0.006594181060791016,0.24444444444445437,1.8189894035458565e-12,0.7738095238095238,0.7936507936507936,893198
5.2232465744018555,0.00718379020690918,0.3928571428571587,1.8189894035458565e-12,0.6428571428571429,0.8015873015873016,893198
5.769734621047974,0.007144451141357422,0.3928571428571587,1.8189894035458565e-12,0.6428571428571429,0.8015873015873016,893198
6.084646701812744,0.005720376968383789,0.4687500000000108,1.8189894035458565e-12,0.5476190476190477,0.8015873015873016,893198
5.839362382888794,0.006334066390991211,0.4516129032258064,1.8189894035458565e-12,0.5714285714285714,0.8015873015873016,893198
5.8213791847229,0.005840778350830078,0.4687500000000108,1.8189894035458565e-12,0.5476190476190477,0.7936507936507936,893198
5.9282379150390625,0.005223751068115234,0.5072463768115941,1.8189894035458565e-12,0.4880952380952381,0.7936507936507936,893198
5.827800989151001,0.006109952926635742,0.2765957446808518,1.8189894035458565e-12,0.75,0.8015873015873016,893198
5.93584680557251,0.005806922912597656,0.37037037037065224,1.8189894035458565e-12,0.6666666666666666,0.7936507936507936,893198
5.9037392139434814,0.005747318267822266,0.4603174603176093,1.8189894035458565e-12,0.5595238095238095,0.8015873015873016,893198
6.01559042930603,0.0060999393463134766,0.29166666666666685,1.8189894035458565e-12,0.7380952380952381,0.8015873015873016,893198
5.817359924316406,0.0059316158294677734,0.4137931034482764,1.8189894035458565e-12,0.6190476190476191,0.7936507936507936,893198
6.061478614807129,0.006385087966918945,0.44262295081967207,1.8189894035458565e-12,0.5833333333333334,0.7936507936507936,893198
5.8997392654418945,0.006155252456665039,0.17021276595744683,1.8189894035458565e-12,0.8690476190476191,0.7936507936507936,893198
5.482037782669067,0.004293203353881836,0.5211267605633804,1.8189894035458565e-12,0.4642857142857143,0.7936507936507936,893198
5.623151063919067,0.004053592681884766,0.5142857142857142,1.8189894035458565e-12,0.47619047619047616,0.7936507936507936,893198
5.520080327987671,0.004730701446533203,0.48484848484848486,1.8189894035458565e-12,0.5238095238095238,0.8015873015873016,893198
5.509937047958374,0.004942893981933594,0.22727272727276096,1.8189894035458565e-12,0.7857142857142857,0.8015873015873016,893198
5.622600555419922,0.004633665084838867,0.5,1.8189894035458565e-12,0.5,0.8015873015873016,893198
5.408937931060791,0.004220724105834961,0.48484848484848486,1.8189894035458565e-12,0.5238095238095238,0.8015873015873016,893198
5.642540216445923,0.006387948989868164,0.4137931034482764,1.8189894035458565e-12,0.6190476190476191,0.8015873015873016,893198
5.567020893096924,0.006575345993041992,0.17777777777777778,1.8189894035458565e-12,0.8452380952380952,0.7936507936507936,893198
5.272351264953613,0.007121562957763672,0.3928571428571587,1.8189894035458565e-12,0.6428571428571429,0.7936507936507936,893198
5.176663398742676,0.007481575012207031,0.42372881355932207,1.8189894035458565e-12,0.6071428571428571,0.8015873015873016,893198
5.344583749771118,0.006331443786621094,0.3584905660377358,1.8189894035458565e-12,0.6785714285714286,0.8015873015873016,893198
5.793685436248779,0.006170034408569336,0.44262295081967207,1.8189894035458565e-12,0.5833333333333334,0.7936507936507936,893198
5.039036273956299,0.007859945297241211,0.3846153846153846,1.8189894035458565e-12,0.6428571428571429,0.8015873015873016,207696
5.234194040298462,0.007742166519165039,0.4545454545454546,1.8189894035458565e-12,0.5476190476190477,0.8015873015873016,207696
5.633560657501221,0.005919933319091797,0.5,1.8189894035458565e-12,0.5,0.7936507936507936,207696
5.4707887172698975,0.00777745246887207,0.39999999999999997,1.8189894035458565e-12,0.6190476190476191,0.8015873015873016,207696
5.76441764831543,0.0071070194244384766,0.37037037037037035,1.8189894035458565e-12,0.6666666666666666,0.7936507936507936,207696
5.720541477203369,0.006373405456542969,0.3333333333333333,1.8189894035458565e-12,0.7380952380952381,0.7936507936507936,207696
5.70806622505188,0.005738735198974609,0.5217391304347826,1.8189894035458565e-12,0.47619047619047616,0.8015873015873016,207696
5.621310710906982,0.005797624588012695,0.35714285714285715,1.8189894035458565e-12,0.6904761904761905,0.8015873015873016,207696
5.738919258117676,0.005429506301879883,0.35714285714285715,1.8189894035458565e-12,0.6904761904761905,0.8015873015873016,207696
6.167030334472656,0.004975557327270508,0.5111111111111111,1.8189894035458565e-12,0.4880952380952381,0.7936507936507936,207696
5.904803991317749,0.0049285888671875,0.5319148936170213,1.8189894035458565e-12,0.4642857142857143,0.8015873015873016,207696
6.09009861946106,0.005645036697387695,0.32786885245901637,1.8189894035458565e-12,0.75,0.7936507936507936,207696
5.810752868652344,0.00555729866027832,0.4081632653061224,1.8189894035458565e-12,0.6071428571428571,0.7936507936507936,207696
5.747019290924072,0.005585193634033203,0.32786885245901637,1.8189894035458565e-12,0.75,0.7936507936507936,207696
5.808966398239136,0.005244731903076172,0.5319148936170213,1.8189894035458565e-12,0.4642857142857143,0.7936507936507936,207696
5.721693277359009,0.0057294368743896484,0.46511627906976744,1.8189894035458565e-12,0.5357142857142857,0.7936507936507936,207696
6.079070806503296,0.004961967468261719,0.4166666666666667,1.8189894035458565e-12,0.5952380952380952,0.7936507936507936,207696
5.966233491897583,0.004786252975463867,0.425531914893617,1.8189894035458565e-12,0.5833333333333334,0.7936507936507936,207696
4.926383972167969,0.007781267166137695,0.4545454545454546,1.8189894035458565e-12,0.5476190476190477,0.7936507936507936,207696
5.447968006134033,0.004340410232543945,0.3333333333333333,1.8189894035458565e-12,0.7380952380952381,0.8015873015873016,207696
5.3659141063690186,0.0044324398040771484,0.5416666666666666,1.8189894035458565e-12,0.4523809523809524,0.8015873015873016,207696
5.6571385860443115,0.00478053092956543,0.4081632653061224,1.8189894035458565e-12,0.6071428571428571,0.7936507936507936,207696
5.914413928985596,0.005633831024169922,0.3508771929824561,1.8189894035458565e-12,0.7023809523809523,0.7936507936507936,207696
5.431360960006714,0.00564885139465332,0.5319148936170213,1.8189894035458565e-12,0.4642857142857143,0.7936507936507936,207696
5.632003545761108,0.00558781623840332,0.35714285714285715,1.8189894035458565e-12,0.6904761904761905,0.7936507936507936,207696
5.822124719619751,0.005125522613525391,0.37037037037037035,1.8189894035458565e-12,0.6666666666666666,0.7936507936507936,207696
5.487860441207886,0.006642341613769531,0.37735849056603776,1.8189894035458565e-12,0.6547619047619048,0.8015873015873016,207696
5.713790655136108,0.005004167556762695,0.46511627906976744,1.8189894035458565e-12,0.5357142857142857,0.7936507936507936,207696
5.404810428619385,0.00796818733215332,0.5217391304347826,1.8189894035458565e-12,0.47619047619047616,0.7936507936507936,207696
4.889016151428223,0.00863194465637207,0.285714285714286,1.8189894035458565e-12,0.75,0.8015873015873016,984799
5.8483686447143555,0.006510257720947266,0.30000000000000004,1.8189894035458565e-12,0.7380952380952381,0.7936507936507936,984799
5.423601150512695,0.006763935089111328,0.1627906976744186,1.8189894035458565e-12,0.8452380952380952,0.8015873015873016,984799
5.558779716491699,0.006681203842163086,0.326923076923077,1.8189894035458565e-12,0.7142857142857143,0.8015873015873016,984799
5.7210071086883545,0.006189107894897461,0.406779661016951,1.8189894035458565e-12,0.6309523809523809,0.7936507936507936,984799
5.667210817337036,0.00624394416809082,0.31372549019607837,1.8189894035458565e-12,0.7261904761904762,0.7936507936507936,984799
5.550715446472168,0.00724482536315918,0.36363636363595503,1.8189894035458565e-12,0.6785714285714286,0.7936507936507936,984799
5.573484420776367,0.006089687347412109,0.5070422535211268,1.8189894035458565e-12,0.4880952380952381,0.8015873015873016,984799
5.74213981628418,0.007415771484375,0.39655172413794026,1.8189894035458565e-12,0.6428571428571429,0.7936507936507936,984799
5.565546274185181,0.006350040435791016,0.4852941176470588,1.8189894035458565e-12,0.5238095238095238,0.7936507936507936,984799
5.95229172706604,0.006231784820556641,0.22222222222226953,1.8189894035458565e-12,0.7976190476190477,0.7936507936507936,984799
4.652332305908203,0.0074787139892578125,0.15217391304347824,1.8189894035458565e-12,0.8809523809523809,0.8015873015873016,984799
4.662278175354004,0.008435964584350586,0.44444444444444453,1.8189894035458565e-12,0.5833333333333334,0.8015873015873016,984799
4.849877119064331,0.0068819522857666016,0.285714285714286,1.8189894035458565e-12,0.75,0.7936507936507936,984799
5.440474033355713,0.004720449447631836,0.22222222222226953,1.8189894035458565e-12,0.7976190476190477,0.7936507936507936,984799
5.52958869934082,0.004834175109863281,0.30000000000000004,1.8189894035458565e-12,0.7380952380952381,0.7936507936507936,984799
5.5583813190460205,0.004626750946044922,0.16666666666666663,1.8189894035458565e-12,0.8333333333333334,0.8015873015873016,984799
5.4129369258880615,0.0052068233489990234,0.285714285714286,1.8189894035458565e-12,0.75,0.7936507936507936,984799
5.503809928894043,0.004478931427001953,0.43548387096774194,1.8189894035458565e-12,0.5952380952380952,0.8015873015873016,984799
5.493614196777344,0.006238222122192383,0.4852941176470588,1.8189894035458565e-12,0.5238095238095238,0.7936507936507936,984799
5.3264710903167725,0.004635810852050781,0.18604651162833044,1.8189894035458565e-12,0.8214285714285714,0.7936507936507936,984799
5.523348331451416,0.00470423698425293,0.43548387096774194,1.8189894035458565e-12,0.5952380952380952,0.8015873015873016,984799
5.635231018066406,0.0061266422271728516,0.41666666666666696,1.8189894035458565e-12,0.6190476190476191,0.7936507936507936,984799
5.348977088928223,0.00825190544128418,0.20454545454559958,1.8189894035458565e-12,0.8095238095238095,0.8015873015873016,984799
5.235144376754761,0.006986141204833984,0.42622950819672134,1.8189894035458565e-12,0.6071428571428571,0.7936507936507936,984799
5.4481894969940186,0.006719112396240234,0.15555555555555553,1.8189894035458565e-12,0.8690476190476191,0.8015873015873016,984799
5.263446092605591,0.006138324737548828,0.44444444444444453,1.8189894035458565e-12,0.5833333333333334,0.7936507936507936,984799
5.167037725448608,0.007132053375244141,0.30000000000000004,1.8189894035458565e-12,0.7380952380952381,0.7936507936507936,984799
5.266416788101196,0.006685972213745117,0.30000000000000004,1.8189894035458565e-12,0.7380952380952381,0.8015873015873016,984799
5.581883668899536,0.009174585342407227,0.39655172413794026,1.8189894035458565e-12,0.6428571428571429,0.7936507936507936,579284
5.707586288452148,0.006900787353515625,0.25531914893617447,1.8189894035458565e-12,0.7738095238095238,0.7936507936507936,579284
5.540133953094482,0.006089210510253906,0.25531914893617447,1.8189894035458565e-12,0.7738095238095238,0.7936507936507936,579284
5.76617693901062,0.006427764892578125,0.36363636363595503,1.8189894035458565e-12,0.6785714285714286,0.7936507936507936,579284
6.131350994110107,0.0056035518646240234,0.4615384615385677,1.8189894035458565e-12,0.5595238095238095,0.7936507936507936,579284
5.734851837158203,0.005860328674316406,0.44444444444444453,1.8189894035458565e-12,0.5833333333333334,0.7936507936507936,579284
5.78564453125,0.005796670913696289,0.406779661016951,1.8189894035458565e-12,0.6309523809523809,0.8015873015873016,579284
6.024725914001465,0.006611347198486328,0.4927536231886418,1.8189894035458565e-12,0.5119047619047619,0.7936507936507936,579284
6.076850652694702,0.007824182510375977,0.44444444444444453,1.8189894035458565e-12,0.5833333333333334,0.8015873015873016,579284
6.00614070892334,0.0059125423431396484,0.4927536231886418,1.8189894035458565e-12,0.5119047619047619,0.8015873015873016,579284
4.992399454116821,0.007063627243041992,0.36363636363595503,1.8189894035458565e-12,0.6785714285714286,0.7936507936507936,579284
4.95296835899353,0.008022785186767578,0.44444444444444453,1.8189894035458565e-12,0.5833333333333334,0.7936507936507936,579284
4.694316148757935,0.006753683090209961,0.46969696969697744,1.8189894035458565e-12,0.5476190476190477,0.7936507936507936,579284
5.074756145477295,0.007056236267089844,0.22222222222226953,1.8189894035458565e-12,0.7976190476190477,0.7936507936507936,579284
5.081144094467163,0.0065686702728271484,0.2708333333333345,1.8189894035458565e-12,0.7619047619047619,0.7936507936507936,579284
4.936490774154663,0.0071294307708740234,0.43548387096774194,1.8189894035458565e-12,0.5952380952380952,0.7936507936507936,579284
5.630198240280151,0.005177974700927734,0.18604651162833044,1.8189894035458565e-12,0.8214285714285714,0.7936507936507936,579284
5.633818864822388,0.005055904388427734,0.41666666666666696,1.8189894035458565e-12,0.6190476190476191,0.8015873015873016,579284
5.604353427886963,0.004858732223510742,0.45312499999989353,1.8189894035458565e-12,0.5714285714285714,0.8015873015873016,579284
5.372019052505493,0.004625082015991211,0.45312499999989353,1.8189894035458565e-12,0.5714285714285714,0.7936507936507936,579284
5.6053595542907715,0.005017280578613281,0.20454545454559958,1.8189894035458565e-12,0.8095238095238095,0.8015873015873016,579284
5.437992572784424,0.004589557647705078,0.4927536231886418,1.8189894035458565e-12,0.5119047619047619,0.8015873015873016,579284
5.316936016082764,0.006352901458740234,0.43548387096774194,1.8189894035458565e-12,0.5952380952380952,0.7936507936507936,579284
5.304570913314819,0.0066525936126708984,0.36363636363595503,1.8189894035458565e-12,0.6785714285714286,0.8015873015873016,579284
5.282470226287842,0.007346391677856445,0.30000000000000004,1.8189894035458565e-12,0.7380952380952381,0.8015873015873016,579284
5.353535413742065,0.006281852722167969,0.1590909090909091,1.8189894035458565e-12,0.8571428571428571,0.7936507936507936,579284
5.3236823081970215,0.006819963455200195,0.44444444444444453,1.8189894035458565e-12,0.5833333333333334,0.7936507936507936,579284
5.428303956985474,0.006433963775634766,0.36363636363595503,1.8189894035458565e-12,0.6785714285714286,0.8015873015873016,579284
5.549960613250732,0.006627798080444336,0.285714285714286,1.8189894035458565e-12,0.75,0.7936507936507936,579284
4.650139570236206,0.007009029388427734,0.5125,1.8189894035458565e-12,0.47619047619047616,0.7857142857142857,841866
5.855425596237183,0.006169319152832031,0.41791044776119424,1.8189894035458565e-12,0.6309523809523809,0.7936507936507936,841866
5.66111421585083,0.006193876266479492,0.5,1.8189894035458565e-12,0.5,0.7936507936507936,841866
5.8402674198150635,0.006470918655395508,0.5185185185185185,1.8189894035458565e-12,0.4642857142857143,0.8015873015873016,841866
5.835464000701904,0.006827116012573242,0.5125,1.8189894035458565e-12,0.47619047619047616,0.8015873015873016,841866
5.774350166320801,0.005895137786865234,0.5125,1.8189894035458565e-12,0.47619047619047616,0.7936507936507936,841866
5.669246196746826,0.0064318180084228516,0.5063291139240507,1.8189894035458565e-12,0.4880952380952381,0.8095238095238095,841866
5.961242198944092,0.0051381587982177734,0.49350649350660447,1.8189894035458565e-12,0.5119047619047619,0.8015873015873016,841866
6.177836656570435,0.005561351776123047,0.43478260869565216,1.8189894035458565e-12,0.6071428571428571,0.8015873015873016,841866
5.831401109695435,0.005375862121582031,0.5125,1.8189894035458565e-12,0.47619047619047616,0.8015873015873016,841866
5.904648303985596,0.0067026615142822266,0.5125,1.8189894035458565e-12,0.47619047619047616,0.8015873015873016,841866
5.757843732833862,0.0062639713287353516,0.15217391304347822,1.8189894035458565e-12,0.8809523809523809,0.7936507936507936,841866
6.052721738815308,0.005518913269042969,0.5,1.8189894035458565e-12,0.5,0.8015873015873016,841866
5.883513689041138,0.006315469741821289,0.30357142857142866,1.8189894035458565e-12,0.7619047619047619,0.8015873015873016,841866
4.759183168411255,0.006592273712158203,0.48000000000000004,1.8189894035458565e-12,0.5357142857142857,0.7936507936507936,841866
4.653432846069336,0.006993293762207031,0.5185185185185185,1.8189894035458565e-12,0.4642857142857143,0.7936507936507936,841866
4.811877965927124,0.008856773376464844,0.47297297297297514,1.8189894035458565e-12,0.5476190476190477,0.7936507936507936,841866
5.53123664855957,0.0041027069091796875,0.5,1.8189894035458565e-12,0.5,0.7936507936507936,841866
5.577920198440552,0.004746198654174805,0.5063291139240507,1.8189894035458565e-12,0.4880952380952381,0.8015873015873016,841866
5.605943441390991,0.004730939865112305,0.42647058823529416,1.8189894035458565e-12,0.6190476190476191,0.7936507936507936,841866
5.4658362865448,0.004457712173461914,0.5,1.8189894035458565e-12,0.5,0.7936507936507936,841866
5.451281547546387,0.0044286251068115234,0.5185185185185185,1.8189894035458565e-12,0.4642857142857143,0.7857142857142857,841866
5.4243714809417725,0.007231473922729492,0.47297297297297514,1.8189894035458565e-12,0.5476190476190477,0.7936507936507936,841866
5.334453821182251,0.006820201873779297,0.43478260869565216,1.8189894035458565e-12,0.6071428571428571,0.7936507936507936,841866
5.28645133972168,0.007004499435424805,0.48000000000000004,1.8189894035458565e-12,0.5357142857142857,0.8015873015873016,841866
5.200699090957642,0.0077855587005615234,0.48000000000000004,1.8189894035458565e-12,0.5357142857142857,0.8015873015873016,841866
5.6622841358184814,0.005894660949707031,0.5125,1.8189894035458565e-12,0.47619047619047616,0.8015873015873016,841866
5.836911916732788,0.006463527679443359,0.49350649350660447,1.8189894035458565e-12,0.5119047619047619,0.8015873015873016,841866
5.983733654022217,0.006240129470825195,0.5185185185185185,1.8189894035458565e-12,0.4642857142857143,0.8015873015873016,841866
4.691689968109131,0.008518218994140625,0.08695652173913043,1.8189894035458565e-12,0.9523809523809523,0.7936507936507936,398248
5.6104490756988525,0.00643610954284668,0.3666666666670929,1.8189894035458565e-12,0.6904761904761905,0.7936507936507936,398248
5.589968681335449,0.00622105598449707,0.4242424242424243,1.8189894035458565e-12,0.6190476190476191,0.7936507936507936,398248
5.501223564147949,0.0058248043060302734,0.11363636363636362,1.8189894035458565e-12,0.9166666666666666,0.8015873015873016,398248
5.738412380218506,0.00630950927734375,0.33928571428571425,1.8189894035458565e-12,0.7261904761904762,0.7936507936507936,398248
5.315249681472778,0.006081104278564453,0.15555555555555553,1.8189894035458565e-12,0.8690476190476191,0.7936507936507936,398248
4.493971586227417,0.007503509521484375,0.3333333333333333,1.8189894035458565e-12,0.7261904761904762,0.8015873015873016,398248
4.574591875076294,0.00647282600402832,0.39344262295083426,1.8189894035458565e-12,0.6547619047619048,0.7857142857142857,398248
4.662806272506714,0.0062105655670166016,0.4242424242424243,1.8189894035458565e-12,0.6190476190476191,0.8015873015873016,398248
4.79858922958374,0.007043600082397461,0.35593220338983056,1.8189894035458565e-12,0.7023809523809523,0.7936507936507936,398248
4.8570780754089355,0.006381511688232422,0.0952380952380953,1.8189894035458565e-12,0.9047619047619048,0.7936507936507936,398248
4.7331061363220215,0.007297992706298828,0.30357142857142866,1.8189894035458565e-12,0.7619047619047619,0.8015873015873016,398248
4.643924713134766,0.006682634353637695,0.2777777777777784,1.8189894035458565e-12,0.7857142857142857,0.8015873015873016,398248
4.509825229644775,0.006516218185424805,0.24000000000001373,1.8189894035458565e-12,0.8095238095238095,0.8015873015873016,398248
5.335340738296509,0.004671573638916016,0.35,1.8189894035458565e-12,0.7023809523809523,0.8015873015873016,398248
5.166187286376953,0.004883289337158203,0.22448979591840798,1.8189894035458565e-12,0.8214285714285714,0.8015873015873016,398248
5.181886434555054,0.004974842071533203,0.24000000000001373,1.8189894035458565e-12,0.8095238095238095,0.8015873015873016,398248
5.223439455032349,0.0046579837799072266,0.08888888888888889,1.8189894035458565e-12,0.9404761904761905,0.7936507936507936,398248
5.281492233276367,0.004726886749267578,0.3333333333333333,1.8189894035458565e-12,0.7261904761904762,0.8015873015873016,398248
5.317432880401611,0.0049784183502197266,0.3448275862068965,1.8189894035458565e-12,0.7142857142857143,0.7936507936507936,398248
5.2825117111206055,0.00467681884765625,0.41538461538461574,1.8189894035458565e-12,0.6190476190476191,0.8015873015873016,398248
5.195759296417236,0.0048084259033203125,0.20408163265321042,1.8189894035458565e-12,0.8452380952380952,0.7936507936507936,398248
4.995003938674927,0.006041765213012695,0.2083333333334484,1.8189894035458565e-12,0.8333333333333334,0.8015873015873016,398248
4.965473175048828,0.005959272384643555,0.08888888888888889,1.8189894035458565e-12,0.9404761904761905,0.8015873015873016,398248
4.998978137969971,0.006600856781005859,0.15555555555555553,1.8189894035458565e-12,0.8690476190476191,0.8015873015873016,398248
5.081125259399414,0.0055849552154541016,0.17391304347807487,1.8189894035458565e-12,0.8571428571428571,0.8015873015873016,398248
4.941427230834961,0.00637507438659668,0.2549019607843182,1.8189894035458565e-12,0.7976190476190477,0.8015873015873016,398248
5.030833959579468,0.006190061569213867,0.29629629629629645,1.8189894035458565e-12,0.7619047619047619,0.8015873015873016,398248
5.333852529525757,0.005929708480834961,0.41538461538461574,1.8189894035458565e-12,0.6309523809523809,0.8015873015873016,398248
4.899125576019287,0.007836341857910156,0.3333333333333333,1.8189894035458565e-12,0.6785714285714286,0.7936507936507936,872895
5.521555185317993,0.00556182861328125,0.24489795918367346,1.8189894035458565e-12,0.7976190476190477,0.7936507936507936,872895
5.464795827865601,0.007624626159667969,0.30232558139534893,1.8189894035458565e-12,0.7023809523809523,0.8015873015873016,872895
5.647916316986084,0.0064885616302490234,0.4339622641509434,1.8189894035458565e-12,0.5833333333333334,0.7936507936507936,872895
5.59199857711792,0.006554365158081055,0.4000000000000054,1.8189894035458565e-12,0.6190476190476191,0.7936507936507936,872895
5.604992628097534,0.006083488464355469,0.30232558139534893,1.8189894035458565e-12,0.7023809523809523,0.8015873015873016,872895
5.6868767738342285,0.007094860076904297,0.5238095238095238,1.8189894035458565e-12,0.4642857142857143,0.8015873015873016,872895
4.204952001571655,0.00776362419128418,0.3555555555555556,1.8189894035458565e-12,0.6547619047619048,0.8015873015873016,872895
4.544464349746704,0.00832986831665039,0.5,1.8189894035458565e-12,0.5,0.7936507936507936,872895
4.709131717681885,0.006175041198730469,0.24,1.8189894035458565e-12,0.7976190476190477,0.7936507936507936,872895
4.66855788230896,0.007220745086669922,0.2352941176470588,1.8189894035458565e-12,0.8214285714285714,0.7936507936507936,872895
4.763570547103882,0.006786346435546875,0.5081967213114754,1.8189894035458565e-12,0.4880952380952381,0.8015873015873016,872895
4.795160293579102,0.006322383880615234,0.285714285714286,1.8189894035458565e-12,0.7142857142857143,0.8015873015873016,872895
5.400122880935669,0.004799604415893555,0.24,1.8189894035458565e-12,0.8095238095238095,0.7936507936507936,872895
5.283320665359497,0.004450798034667969,0.36170212765929993,1.8189894035458565e-12,0.6547619047619048,0.7936507936507936,872895
5.487952947616577,0.004721641540527344,0.27906976744186046,1.8189894035458565e-12,0.7261904761904762,0.7936507936507936,872895
5.365553379058838,0.004246711730957031,0.53125,1.8189894035458565e-12,0.4523809523809524,0.7936507936507936,872895
5.503478765487671,0.004615068435668945,0.4827586206896552,1.8189894035458565e-12,0.5238095238095238,0.7936507936507936,872895
5.286136627197266,0.004573345184326172,0.532258064516129,1.8189894035458565e-12,0.4642857142857143,0.8015873015873016,872895
5.29292368888855,0.004303455352783203,0.2765957446808511,1.8189894035458565e-12,0.75,0.8015873015873016,872895
5.298574686050415,0.004503726959228516,0.4642857142857615,1.8189894035458565e-12,0.5476190476190477,0.8015873015873016,872895
5.223040580749512,0.004198551177978516,0.5245901639344263,1.8189894035458565e-12,0.47619047619047616,0.8015873015873016,872895
5.020578384399414,0.005737781524658203,0.4230769230769232,1.8189894035458565e-12,0.5952380952380952,0.7936507936507936,872895
4.9897894859313965,0.005861520767211914,0.5238095238095238,1.8189894035458565e-12,0.4642857142857143,0.7936507936507936,872895
5.064964294433594,0.006422281265258789,0.23076923076923075,1.8189894035458565e-12,0.8333333333333334,0.7936507936507936,872895
5.331792593002319,0.006832599639892578,0.5396825396825397,1.8189894035458565e-12,0.44047619047619047,0.8015873015873016,872895
5.197106838226318,0.007236957550048828,0.4821428571428571,1.8189894035458565e-12,0.5238095238095238,0.8015873015873016,872895
5.275518417358398,0.0061070919036865234,0.36170212765929993,1.8189894035458565e-12,0.6547619047619048,0.7936507936507936,872895
5.469232559204102,0.00583958625793457,0.27272727272727276,1.8189894035458565e-12,0.7380952380952381,0.7936507936507936,872895
5.372073173522949,0.007205009460449219,0.24444444444444446,1.8189894035458565e-12,0.7738095238095238,0.8015873015873016,501973
5.9549031257629395,0.006150007247924805,0.5571428571428572,1.8189894035458565e-12,0.40476190476190477,0.8015873015873016,501973
5.617011547088623,0.0068209171295166016,0.22916666666666669,1.8189894035458565e-12,0.8095238095238095,0.8015873015873016,501973
5.531596660614014,0.007013797760009766,0.4833333333333334,1.8189894035458565e-12,0.5119047619047619,0.7936507936507936,501973
5.840801954269409,0.005826711654663086,0.515625,1.8189894035458565e-12,0.47619047619047616,0.7936507936507936,501973
5.865319490432739,0.006730556488037109,0.4833333333333334,1.8189894035458565e-12,0.5238095238095238,0.8015873015873016,501973
4.660641193389893,0.006861686706542969,0.5,1.8189894035458565e-12,0.5,0.7936507936507936,501973
4.624188661575317,0.009359121322631836,0.5833333333333334,1.8189894035458565e-12,0.35714285714285715,0.7936507936507936,501973
4.790480136871338,0.007180690765380859,0.4339622641509434,1.8189894035458565e-12,0.5833333333333334,0.7936507936507936,501973
4.85068154335022,0.006525993347167969,0.26666666666666666,1.8189894035458565e-12,0.7619047619047619,0.7936507936507936,501973
4.487190008163452,0.006740570068359375,0.49180327868807433,1.8189894035458565e-12,0.5119047619047619,0.7936507936507936,501973
5.430731773376465,0.004332780838012695,0.4827586206896552,1.8189894035458565e-12,0.5238095238095238,0.7936507936507936,501973
5.594746828079224,0.004749774932861328,0.5441176470588236,1.8189894035458565e-12,0.42857142857142855,0.8015873015873016,501973
5.298071622848511,0.004543304443359375,0.5,1.8189894035458565e-12,0.5,0.7936507936507936,501973
5.685055732727051,0.005323648452758789,0.3111111111111111,1.8189894035458565e-12,0.7023809523809523,0.8095238095238095,501973
5.495932579040527,0.005168437957763672,0.44642857142857145,1.8189894035458565e-12,0.5714285714285714,0.8015873015873016,501973
5.58207631111145,0.00460362434387207,0.22916666666666669,1.8189894035458565e-12,0.8095238095238095,0.7936507936507936,501973
5.485689401626587,0.004447460174560547,0.4833333333333334,1.8189894035458565e-12,0.5238095238095238,0.7936507936507936,501973
5.584426403045654,0.004663228988647461,0.5652173913043479,1.8189894035458565e-12,0.39285714285714285,0.8015873015873016,501973
5.419005393981934,0.004540443420410156,0.4833333333333334,1.8189894035458565e-12,0.5238095238095238,0.7936507936507936,501973
5.385860919952393,0.004956483840942383,0.279069767441861,1.8189894035458565e-12,0.7261904761904762,0.7936507936507936,501973
5.336009740829468,0.0053310394287109375,0.4833333333333334,1.8189894035458565e-12,0.5238095238095238,0.7936507936507936,501973
5.531460523605347,0.007061958312988281,0.25581395348837216,1.8189894035458565e-12,0.75,0.8015873015873016,501973
4.797971487045288,0.006695985794067383,0.5079365079365079,1.8189894035458565e-12,0.4880952380952381,0.8015873015873016,501973
5.181179523468018,0.006698131561279297,0.4642857142857615,1.8189894035458565e-12,0.5476190476190477,0.8015873015873016,501973
4.994035959243774,0.00655817985534668,0.5,1.8189894035458565e-12,0.5,0.8095238095238095,501973
5.134742021560669,0.006631612777709961,0.3333333333333333,1.8189894035458565e-12,0.6785714285714286,0.8015873015873016,501973
5.035143136978149,0.006241559982299805,0.5441176470588236,1.8189894035458565e-12,0.42857142857142855,0.8015873015873016,501973
5.114905118942261,0.0067751407623291016,0.5633802816901409,1.8189894035458565e-12,0.39285714285714285,0.8015873015873016,501973
5.1126389503479,0.01446223258972168,0.31818181818181823,1.8189894035458565e-12,0.6904761904761905,0.8015873015873016,990622
5.334886312484741,0.006896495819091797,0.4642857142857615,1.8189894035458565e-12,0.5476190476190477,0.8015873015873016,990622
5.405653715133667,0.006075143814086914,0.3750000000001645,1.8189894035458565e-12,0.6428571428571429,0.8015873015873016,990622
5.570474147796631,0.00597691535949707,0.3750000000001645,1.8189894035458565e-12,0.6428571428571429,0.8015873015873016,990622
5.42255711555481,0.007285356521606445,0.4827586206896552,1.8189894035458565e-12,0.5238095238095238,0.8015873015873016,990622
5.29427695274353,0.005843162536621094,0.53125,1.8189894035458565e-12,0.4523809523809524,0.8015873015873016,990622
5.478102684020996,0.0053789615631103516,0.38775510204084873,1.8189894035458565e-12,0.6309523809523809,0.7936507936507936,990622
5.59647798538208,0.005361080169677734,0.4642857142857615,1.8189894035458565e-12,0.5476190476190477,0.7936507936507936,990622
5.941060304641724,0.005527496337890625,0.53125,1.8189894035458565e-12,0.4523809523809524,0.8015873015873016,990622
6.07892918586731,0.00481724739074707,0.5238095238095238,1.8189894035458565e-12,0.4642857142857143,0.8015873015873016,990622
5.763942003250122,0.0061719417572021484,0.30232558139534893,1.8189894035458565e-12,0.7023809523809523,0.7936507936507936,990622
5.095160722732544,0.007522106170654297,0.4117647058823537,1.8189894035458565e-12,0.6071428571428571,0.8015873015873016,990622
4.986608505249023,0.008075952529907227,0.2352941176470588,1.8189894035458565e-12,0.8214285714285714,0.8015873015873016,990622
5.175587892532349,0.006174564361572266,0.5081967213114754,1.8189894035458565e-12,0.4880952380952381,0.8015873015873016,990622
5.309213876724243,0.005239725112915039,0.53125,1.8189894035458565e-12,0.4523809523809524,0.8015873015873016,990622
5.072014331817627,0.00745391845703125,0.34782608695652173,1.8189894035458565e-12,0.6666666666666666,0.7936507936507936,990622
5.2165491580963135,0.012677907943725586,0.44444444444444453,1.8189894035458565e-12,0.5714285714285714,0.8015873015873016,990622
4.994784593582153,0.007593393325805664,0.4827586206896552,1.8189894035458565e-12,0.5238095238095238,0.7936507936507936,990622
5.179637432098389,0.006238460540771484,0.27906976744186046,1.8189894035458565e-12,0.7261904761904762,0.8015873015873016,990622
5.1585493087768555,0.00436854362487793,0.4117647058823537,1.8189894035458565e-12,0.6071428571428571,0.8015873015873016,990622
5.486346244812012,0.004691123962402344,0.4339622641509434,1.8189894035458565e-12,0.5833333333333334,0.7936507936507936,990622
5.31957483291626,0.004704475402832031,0.27906976744186046,1.8189894035458565e-12,0.7261904761904762,0.7936507936507936,990622
5.296803712844849,0.005304574966430664,0.53125,1.8189894035458565e-12,0.4523809523809524,0.8015873015873016,990622
5.548136949539185,0.005227327346801758,0.26666666666666666,1.8189894035458565e-12,0.75,0.8015873015873016,990622
5.300690174102783,0.005257129669189453,0.4642857142857615,1.8189894035458565e-12,0.5476190476190477,0.7936507936507936,990622
5.29764723777771,0.006646871566772461,0.3333333333333333,1.8189894035458565e-12,0.6785714285714286,0.7936507936507936,990622
5.28892183303833,0.0052716732025146484,0.4642857142857615,1.8189894035458565e-12,0.5476190476190477,0.8015873015873016,990622
5.343998432159424,0.005748748779296875,0.4230769230769232,1.8189894035458565e-12,0.5952380952380952,0.8015873015873016,990622
5.219330310821533,0.005163669586181641,0.5588235294117647,1.8189894035458565e-12,0.40476190476190477,0.7936507936507936,990622
5.347437858581543,0.008887767791748047,0.2600000000000029,1.8189894035458565e-12,0.7857142857142857,0.7936507936507936,785899
5.349775552749634,0.007459878921508789,0.2291666666666963,1.8189894035458565e-12,0.8095238095238095,0.8015873015873016,785899
5.3578941822052,0.0071184635162353516,0.2291666666666963,1.8189894035458565e-12,0.8095238095238095,0.8015873015873016,785899
5.74215841293335,0.00566411018371582,0.40322580645161615,1.8189894035458565e-12,0.6428571428571429,0.8015873015873016,785899
5.775511264801025,0.0056040287017822266,0.24489795918368304,1.8189894035458565e-12,0.7976190476190477,0.8015873015873016,785899
5.901035308837891,0.0067975521087646484,0.33928571428571425,1.8189894035458565e-12,0.7142857142857143,0.7936507936507936,785899
5.702478408813477,0.005584239959716797,0.28846153846153866,1.8189894035458565e-12,0.7619047619047619,0.8015873015873016,785899
5.783814430236816,0.0055599212646484375,0.21276595744689578,1.8189894035458565e-12,0.8214285714285714,0.8015873015873016,785899
5.684232234954834,0.0062105655670166016,0.3833333333333918,1.8189894035458565e-12,0.6666666666666666,0.8015873015873016,785899
5.841956853866577,0.005545616149902344,0.3833333333333918,1.8189894035458565e-12,0.6666666666666666,0.7936507936507936,785899
4.924647569656372,0.0077054500579833984,0.19565217391328926,1.8189894035458565e-12,0.8333333333333334,0.7936507936507936,785899
5.124714612960815,0.006883382797241211,0.32727272727272727,1.8189894035458565e-12,0.7261904761904762,0.8015873015873016,785899
5.037451982498169,0.006554126739501953,0.1395348837209303,1.8189894035458565e-12,0.8690476190476191,0.8015873015873016,785899
4.964583873748779,0.007107257843017578,0.41269841269841334,1.8189894035458565e-12,0.6309523809523809,0.8015873015873016,785899
5.032949924468994,0.006342172622680664,0.4714285714285754,1.8189894035458565e-12,0.5476190476190477,0.7936507936507936,785899
4.9721832275390625,0.006144046783447266,0.28846153846153866,1.8189894035458565e-12,0.7619047619047619,0.8015873015873016,785899
4.934879541397095,0.006009578704833984,0.28846153846153866,1.8189894035458565e-12,0.7619047619047619,0.8015873015873016,785899
4.858088254928589,0.009589910507202148,0.30188679245283023,1.8189894035458565e-12,0.75,0.8015873015873016,785899
5.236475467681885,0.0063631534576416016,0.2600000000000029,1.8189894035458565e-12,0.7857142857142857,0.8015873015873016,785899
5.412867069244385,0.004701852798461914,0.24489795918368304,1.8189894035458565e-12,0.7976190476190477,0.8015873015873016,785899
5.376899003982544,0.004377603530883789,0.47887323943661986,1.8189894035458565e-12,0.5357142857142857,0.8015873015873016,785899
5.313408136367798,0.004625797271728516,0.28846153846153866,1.8189894035458565e-12,0.7619047619047619,0.8015873015873016,785899
5.424520015716553,0.00690770149230957,0.27450980392156954,1.8189894035458565e-12,0.7738095238095238,0.8015873015873016,785899
5.349140882492065,0.0054988861083984375,0.11904761904761907,1.8189894035458565e-12,0.8809523809523809,0.8015873015873016,785899
5.331944704055786,0.005932807922363281,0.11904761904761907,1.8189894035458565e-12,0.8809523809523809,0.7936507936507936,785899
5.298880100250244,0.005953550338745117,0.3620689655169395,1.8189894035458565e-12,0.6904761904761905,0.8015873015873016,785899
5.355962038040161,0.0058193206787109375,0.3833333333333918,1.8189894035458565e-12,0.6666666666666666,0.8015873015873016,785899
5.387317657470703,0.005492448806762695,0.17777777777744141,1.8189894035458565e-12,0.8452380952380952,0.7936507936507936,785899
5.26406455039978,0.005869388580322266,0.3508771929824561,1.8189894035458565e-12,0.7023809523809523,0.8015873015873016,785899
4.817049741744995,0.007475614547729492,0.3333333333333333,1.8189894035458565e-12,0.7380952380952381,0.8015873015873016,720193
5.34049916267395,0.00621342658996582,0.3103448275862069,1.8189894035458565e-12,0.7619047619047619,0.8015873015873016,720193
5.37133264541626,0.005998849868774414,0.3750000000001645,1.8189894035458565e-12,0.6904761904761905,0.7936507936507936,720193
5.363430738449097,0.007634878158569336,0.4736842105263174,1.8189894035458565e-12,0.5476190476190477,0.7936507936507936,720193
5.855486631393433,0.005832195281982422,0.2592592592592624,1.8189894035458565e-12,0.8095238095238095,0.7936507936507936,720193
4.870093584060669,0.008019447326660156,0.4594594594596473,1.8189894035458565e-12,0.5714285714285714,0.8015873015873016,720193
4.960554599761963,0.0057752132415771484,0.3103448275862069,1.8189894035458565e-12,0.7619047619047619,0.7936507936507936,720193
4.668640375137329,0.00671839714050293,0.4285714285714286,1.8189894035458565e-12,0.6190476190476191,0.8015873015873016,720193
4.850489139556885,0.007092475891113281,0.3103448275862069,1.8189894035458565e-12,0.7619047619047619,0.7936507936507936,720193
5.100055932998657,0.005301475524902344,0.38461538461543404,1.8189894035458565e-12,0.6785714285714286,0.8015873015873016,720193
4.7884299755096436,0.006682634353637695,0.27272727272727365,1.8189894035458565e-12,0.7976190476190477,0.7936507936507936,720193
4.885943174362183,0.0062181949615478516,0.3220338983050847,1.8189894035458565e-12,0.75,0.7936507936507936,720193
4.920433282852173,0.00598454475402832,0.27272727272727365,1.8189894035458565e-12,0.7976190476190477,0.8015873015873016,720193
5.102572679519653,0.005820035934448242,0.4520547945205479,1.8189894035458565e-12,0.5833333333333334,0.7936507936507936,720193
4.84296989440918,0.00627446174621582,0.4444444444444445,1.8189894035458565e-12,0.5952380952380952,0.8015873015873016,720193
5.00040340423584,0.00655817985534668,0.3548387096774193,1.8189894035458565e-12,0.7142857142857143,0.8015873015873016,720193
5.356659650802612,0.0045871734619140625,0.49367088607604237,1.8189894035458565e-12,0.5,0.7936507936507936,720193
5.556325674057007,0.0044667720794677734,0.4117647058823537,1.8189894035458565e-12,0.6428571428571429,0.8015873015873016,720193
5.478302001953125,0.004477262496948242,0.4520547945205479,1.8189894035458565e-12,0.5833333333333334,0.8015873015873016,720193
5.268401384353638,0.004375457763671875,0.29824561403508776,1.8189894035458565e-12,0.7738095238095238,0.8015873015873016,720193
5.213536024093628,0.00425267219543457,0.43661971830985913,1.8189894035458565e-12,0.6071428571428571,0.7936507936507936,720193
5.258067846298218,0.004253387451171875,0.43661971830985913,1.8189894035458565e-12,0.6071428571428571,0.7936507936507936,720193
5.327486991882324,0.005929708480834961,0.3333333333333333,1.8189894035458565e-12,0.7380952380952381,0.8015873015873016,720193
5.2549355030059814,0.0060083866119384766,0.3750000000001645,1.8189894035458565e-12,0.6904761904761905,0.7936507936507936,720193
5.008640766143799,0.006306648254394531,0.13043478260869576,1.8189894035458565e-12,0.9047619047619048,0.7936507936507936,720193
4.9929890632629395,0.0060253143310546875,0.48051948051948057,1.8189894035458565e-12,0.5357142857142857,0.8015873015873016,720193
5.2550270557403564,0.005537986755371094,0.3220338983050847,1.8189894035458565e-12,0.75,0.8015873015873016,720193
5.336479902267456,0.0053844451904296875,0.21568627450987635,1.8189894035458565e-12,0.8452380952380952,0.7936507936507936,720193
5.087695360183716,0.005999088287353516,0.48051948051948057,1.8189894035458565e-12,0.5357142857142857,0.7936507936507936,720193
5.424038410186768,0.008328676223754883,0.34,1.8189894035458565e-12,0.6904761904761905,0.7936507936507936,261313
5.263181924819946,0.0076715946197509766,0.34,1.8189894035458565e-12,0.6904761904761905,0.7936507936507936,261313
5.5314531326293945,0.006269216537475586,0.46774193548388643,1.8189894035458565e-12,0.5476190476190477,0.8015873015873016,261313
5.69328498840332,0.005143404006958008,0.4107142857142866,1.8189894035458565e-12,0.6190476190476191,0.7936507936507936,261313
5.857931613922119,0.00498199462890625,0.484375,1.8189894035458565e-12,0.5238095238095238,0.8015873015873016,261313
5.649696111679077,0.0055084228515625,0.5352112676056338,1.8189894035458565e-12,0.44047619047619047,0.8015873015873016,261313
5.572500705718994,0.0071256160736083984,0.4590163934428342,1.8189894035458565e-12,0.5595238095238095,0.8015873015873016,261313
5.450245141983032,0.00641322135925293,0.5147058823529411,1.8189894035458565e-12,0.47619047619047616,0.7936507936507936,261313
5.842216730117798,0.0050618648529052734,0.4590163934428342,1.8189894035458565e-12,0.5595238095238095,0.8015873015873016,261313
5.358137369155884,0.008345603942871094,0.45,1.8189894035458565e-12,0.5714285714285714,0.7936507936507936,261313
5.66047477722168,0.005204677581787109,0.484375,1.8189894035458565e-12,0.5238095238095238,0.7936507936507936,261313
5.704621076583862,0.005244255065917969,0.47619047619047666,1.8189894035458565e-12,0.5357142857142857,0.8015873015873016,261313
5.797462463378906,0.004933834075927734,0.20930232558139533,1.8189894035458565e-12,0.7976190476190477,0.8015873015873016,261313
5.6711626052856445,0.005632638931274414,0.49230769230804805,1.8189894035458565e-12,0.5119047619047619,0.8015873015873016,261313
5.795677900314331,0.005990505218505859,0.49230769230804805,1.8189894035458565e-12,0.5119047619047619,0.8015873015873016,261313
5.789685010910034,0.0055789947509765625,0.21428571428579346,1.8189894035458565e-12,0.7857142857142857,0.8015873015873016,261313
4.996323108673096,0.009483098983764648,0.42105263157894746,1.8189894035458565e-12,0.6071428571428571,0.7936507936507936,261313
5.080284595489502,0.007820367813110352,0.5147058823529411,1.8189894035458565e-12,0.47619047619047616,0.7936507936507936,261313
5.259927749633789,0.009536266326904297,0.4000000000000054,1.8189894035458565e-12,0.6309523809523809,0.8015873015873016,261313
5.3376381397247314,0.004461050033569336,0.3125,1.8189894035458565e-12,0.7142857142857143,0.7936507936507936,261313
5.428405046463013,0.004709720611572266,0.46774193548388643,1.8189894035458565e-12,0.5476190476190477,0.7936507936507936,261313
5.670543909072876,0.004674196243286133,0.47619047619047666,1.8189894035458565e-12,0.5357142857142857,0.7936507936507936,261313
5.518298864364624,0.006078243255615234,0.32653061224489793,1.8189894035458565e-12,0.7023809523809523,0.7936507936507936,261313
5.739309310913086,0.0056154727935791016,0.4310344827586208,1.8189894035458565e-12,0.5952380952380952,0.7936507936507936,261313
5.357916593551636,0.005969524383544922,0.3529411764705882,1.8189894035458565e-12,0.6785714285714286,0.7936507936507936,261313
5.564482927322388,0.004695415496826172,0.47619047619047666,1.8189894035458565e-12,0.5357142857142857,0.7936507936507936,261313
5.251833200454712,0.006536245346069336,0.4000000000000054,1.8189894035458565e-12,0.6309523809523809,0.8015873015873016,261313
5.4225499629974365,0.007065296173095703,0.3653846153851055,1.8189894035458565e-12,0.6666666666666666,0.7936507936507936,261313
5.525997161865234,0.004820108413696289,0.5147058823529411,1.8189894035458565e-12,0.47619047619047616,0.8015873015873016,261313
5.429502248764038,0.0058135986328125,0.22000000000005476,1.8189894035458565e-12,0.8333333333333334,0.7936507936507936,538363
5.419658899307251,0.0051572322845458984,0.30357142857142866,1.8189894035458565e-12,0.7619047619047619,0.8015873015873016,538363
5.57462739944458,0.0058138370513916016,0.2909090909090912,1.8189894035458565e-12,0.7738095238095238,0.8015873015873016,538363
5.7594404220581055,0.0059545040130615234,0.23529411764707805,1.8189894035458565e-12,0.8214285714285714,0.8015873015873016,538363
5.226253032684326,0.008528709411621094,0.3809523809524602,1.8189894035458565e-12,0.6785714285714286,0.8015873015873016,538363
5.33576226234436,0.006777763366699219,0.3275862068965517,1.8189894035458565e-12,0.7380952380952381,0.7936507936507936,538363
5.550954103469849,0.005682706832885742,0.41791044776119424,1.8189894035458565e-12,0.6309523809523809,0.8015873015873016,538363
5.582622528076172,0.005690574645996094,0.4868421052631579,1.8189894035458565e-12,0.5238095238095238,0.7936507936507936,538363
5.415798902511597,0.006160736083984375,0.45070422535211263,1.8189894035458565e-12,0.5833333333333334,0.8015873015873016,538363
5.528156042098999,0.00604248046875,0.30357142857142866,1.8189894035458565e-12,0.7619047619047619,0.7936507936507936,538363
5.388168573379517,0.006341695785522461,0.42647058823529416,1.8189894035458565e-12,0.6190476190476191,0.8015873015873016,538363
5.574133396148682,0.005233287811279297,0.40909090909091034,1.8189894035458565e-12,0.6428571428571429,0.7936507936507936,538363
5.623478889465332,0.004748344421386719,0.33898305084745756,1.8189894035458565e-12,0.7261904761904762,0.7936507936507936,538363
5.7955827713012695,0.0051152706146240234,0.45833333333358595,1.8189894035458565e-12,0.5714285714285714,0.8015873015873016,538363
5.85119104385376,0.006401538848876953,0.3906250000000218,1.8189894035458565e-12,0.6666666666666666,0.7936507936507936,538363
4.929312467575073,0.008129358291625977,0.22000000000005476,1.8189894035458565e-12,0.8333333333333334,0.8015873015873016,538363
4.9525861740112305,0.007904052734375,0.35,1.8189894035458565e-12,0.7142857142857143,0.7936507936507936,538363
4.923444509506226,0.007506370544433594,0.45833333333358595,1.8189894035458565e-12,0.5714285714285714,0.8015873015873016,538363
5.445584297180176,0.004309415817260742,0.45833333333358595,1.8189894035458565e-12,0.5714285714285714,0.8015873015873016,538363
5.438147783279419,0.004608154296875,0.33898305084745756,1.8189894035458565e-12,0.7261904761904762,0.8015873015873016,538363
5.3961875438690186,0.004614353179931641,0.4428571428571428,1.8189894035458565e-12,0.5952380952380952,0.8015873015873016,538363
5.532850980758667,0.004565715789794922,0.41791044776119424,1.8189894035458565e-12,0.6309523809523809,0.8015873015873016,538363
5.549206972122192,0.005910158157348633,0.2641509433962285,1.8189894035458565e-12,0.7976190476190477,0.8015873015873016,538363
5.141736745834351,0.0071659088134765625,0.45070422535211263,1.8189894035458565e-12,0.5833333333333334,0.7936507936507936,538363
5.285794258117676,0.006587982177734375,0.1875000000003907,1.8189894035458565e-12,0.8571428571428571,0.8015873015873016,538363
5.284125089645386,0.005426883697509766,0.3809523809524602,1.8189894035458565e-12,0.6785714285714286,0.8015873015873016,538363
5.342034578323364,0.0061435699462890625,0.4428571428571428,1.8189894035458565e-12,0.5952380952380952,0.7936507936507936,538363
5.424931764602661,0.006295204162597656,0.3275862068965517,1.8189894035458565e-12,0.7380952380952381,0.7936507936507936,538363
5.344965219497681,0.006211280822753906,0.45833333333358595,1.8189894035458565e-12,0.5714285714285714,0.7936507936507936,538363
5.637003421783447,0.007554292678833008,0.2500000000000064,1.8189894035458565e-12,0.7857142857142857,0.8015873015873016,257279
5.414475440979004,0.007078409194946289,0.33333333333333337,1.8189894035458565e-12,0.7142857142857143,0.7936507936507936,257279
5.539778232574463,0.006024599075317383,0.4461538461538462,1.8189894035458565e-12,0.5833333333333334,0.8015873015873016,257279
5.20888876914978,0.006899833679199219,0.20000000000019041,1.8189894035458565e-12,0.8214285714285714,0.7936507936507936,257279
5.5178773403167725,0.005957365036010742,0.47058823529412314,1.8189894035458565e-12,0.5476190476190477,0.8015873015873016,257279
5.709360599517822,0.005108356475830078,0.5324675324675324,1.8189894035458565e-12,0.44047619047619047,0.7936507936507936,257279
5.536508798599243,0.006093263626098633,0.5068493150684932,1.8189894035458565e-12,0.4880952380952381,0.8015873015873016,257279
5.934045076370239,0.004761934280395508,0.52,1.8189894035458565e-12,0.4642857142857143,0.8015873015873016,257279
5.92901086807251,0.0051763057708740234,0.5068493150684932,1.8189894035458565e-12,0.4880952380952381,0.8015873015873016,257279
5.921184778213501,0.004735469818115234,0.3898305084746006,1.8189894035458565e-12,0.6547619047619048,0.8015873015873016,257279
5.6757776737213135,0.0059931278228759766,0.4626865671642554,1.8189894035458565e-12,0.5595238095238095,0.7936507936507936,257279
5.641533374786377,0.005590677261352539,0.5135135135135135,1.8189894035458565e-12,0.47619047619047616,0.8015873015873016,257279
5.848660945892334,0.005347728729248047,0.4545454545450978,1.8189894035458565e-12,0.5714285714285714,0.7936507936507936,257279
5.7265305519104,0.005275726318359375,0.4782608695652176,1.8189894035458565e-12,0.5357142857142857,0.8015873015873016,257279
5.899893045425415,0.0045588016510009766,0.4461538461538462,1.8189894035458565e-12,0.5833333333333334,0.8015873015873016,257279
5.2506608963012695,0.006386756896972656,0.13953488372093023,1.8189894035458565e-12,0.8690476190476191,0.7936507936507936,257279
5.038085699081421,0.006439685821533203,0.14285714285714288,1.8189894035458565e-12,0.8571428571428571,0.8015873015873016,257279
5.099562406539917,0.006676197052001953,0.5068493150684932,1.8189894035458565e-12,0.4880952380952381,0.7936507936507936,257279
4.80522608757019,0.0071833133697509766,0.52,1.8189894035458565e-12,0.4642857142857143,0.7936507936507936,257279
4.9231836795806885,0.0076296329498291016,0.33333333333333337,1.8189894035458565e-12,0.7142857142857143,0.8015873015873016,257279
5.280952215194702,0.006656646728515625,0.4545454545450978,1.8189894035458565e-12,0.5714285714285714,0.8015873015873016,257279
5.262676477432251,0.004119157791137695,0.4461538461538462,1.8189894035458565e-12,0.5833333333333334,0.8015873015873016,257279
5.53904914855957,0.006218910217285156,0.23404255319151032,1.8189894035458565e-12,0.7976190476190477,0.8015873015873016,257279
5.382528781890869,0.005982875823974609,0.4857142857142857,1.8189894035458565e-12,0.5238095238095238,0.7936507936507936,257279
5.618041038513184,0.005621194839477539,0.2800000000000005,1.8189894035458565e-12,0.7619047619047619,0.7936507936507936,257279
5.727030515670776,0.0047454833984375,0.5068493150684932,1.8189894035458565e-12,0.4880952380952381,0.8015873015873016,257279
5.6219775676727295,0.004937887191772461,0.5,1.8189894035458565e-12,0.5,0.8015873015873016,257279
5.78304648399353,0.00498509407043457,0.40000000000000546,1.8189894035458565e-12,0.6428571428571429,0.7936507936507936,257279
5.404785871505737,0.006972789764404297,0.49295774647906715,1.8189894035458565e-12,0.5119047619047619,0.8015873015873016,257279
5.653131008148193,0.0062253475189208984,0.297872340425532,1.8189894035458565e-12,0.7261904761904762,0.7936507936507936,893255
5.688528537750244,0.006394386291503906,0.23255813953490714,1.8189894035458565e-12,0.7738095238095238,0.8015873015873016,893255
5.384676456451416,0.006658315658569336,0.2826086956521744,1.8189894035458565e-12,0.7380952380952381,0.8015873015873016,893255
5.719455242156982,0.005553007125854492,0.19565217391304346,1.8189894035458565e-12,0.8333333333333334,0.7936507936507936,893255
5.546777248382568,0.006099700927734375,0.32653061224489793,1.8189894035458565e-12,0.7023809523809523,0.7936507936507936,893255
5.293359994888306,0.007186174392700195,0.3125,1.8189894035458565e-12,0.7142857142857143,0.8015873015873016,893255
6.0529093742370605,0.005156517028808594,0.38888888888891665,1.8189894035458565e-12,0.6428571428571429,0.7936507936507936,893255
5.710522890090942,0.0059812068939208984,0.4590163934428342,1.8189894035458565e-12,0.5595238095238095,0.8015873015873016,893255
5.75920033454895,0.005521535873413086,0.5,1.8189894035458565e-12,0.5,0.8015873015873016,893255
5.5181190967559814,0.007144927978515625,0.2045454545454545,1.8189894035458565e-12,0.8095238095238095,0.7936507936507936,893255
5.939671277999878,0.004614591598510742,0.38888888888891665,1.8189894035458565e-12,0.6428571428571429,0.7936507936507936,893255
5.313934803009033,0.006375789642333984,0.4000000000000054,1.8189894035458565e-12,0.6309523809523809,0.8015873015873016,893255
5.891779661178589,0.005147457122802734,0.3529411764705882,1.8189894035458565e-12,0.6785714285714286,0.7936507936507936,893255
5.878776550292969,0.006249427795410156,0.2500000000000064,1.8189894035458565e-12,0.7619047619047619,0.7936507936507936,893255
5.83107328414917,0.005051136016845703,0.26666666666666833,1.8189894035458565e-12,0.75,0.8015873015873016,893255
5.715282440185547,0.005228519439697266,0.18367346938775508,1.8189894035458565e-12,0.8690476190476191,0.8015873015873016,893255
6.037024974822998,0.005149126052856445,0.297872340425532,1.8189894035458565e-12,0.7261904761904762,0.7936507936507936,893255
5.75366473197937,0.005134105682373047,0.47619047619047666,1.8189894035458565e-12,0.5357142857142857,0.8015873015873016,893255
6.001467704772949,0.00603175163269043,0.46774193548388643,1.8189894035458565e-12,0.5476190476190477,0.8015873015873016,893255
5.388206720352173,0.006330728530883789,0.32653061224489793,1.8189894035458565e-12,0.7023809523809523,0.7936507936507936,893255
5.406908750534058,0.005889415740966797,0.3529411764705882,1.8189894035458565e-12,0.6785714285714286,0.8015873015873016,893255
5.396084308624268,0.006042957305908203,0.4107142857142866,1.8189894035458565e-12,0.6190476190476191,0.7936507936507936,893255
5.476687669754028,0.006248950958251953,0.21428571428579346,1.8189894035458565e-12,0.7857142857142857,0.8015873015873016,893255
5.693104267120361,0.0052454471588134766,0.46774193548388643,1.8189894035458565e-12,0.5476190476190477,0.8015873015873016,893255
5.327394723892212,0.0064220428466796875,0.2500000000000064,1.8189894035458565e-12,0.7619047619047619,0.8015873015873016,893255
5.670129299163818,0.005865335464477539,0.4310344827586208,1.8189894035458565e-12,0.5952380952380952,0.7936507936507936,893255
5.608956813812256,0.005563259124755859,0.47619047619047666,1.8189894035458565e-12,0.5357142857142857,0.7936507936507936,893255
5.8647613525390625,0.00494694709777832,0.297872340425532,1.8189894035458565e-12,0.7261904761904762,0.7936507936507936,893255
5.246941566467285,0.00708770751953125,0.3653846153851055,1.8189894035458565e-12,0.6666666666666666,0.7936507936507936,893255
5.377820014953613,0.007113456726074219,0.23255813953490714,1.8189894035458565e-12,0.7738095238095238,0.8015873015873016,527796
5.311606407165527,0.008014678955078125,0.32653061224489793,1.8189894035458565e-12,0.7023809523809523,0.7936507936507936,527796
5.278570175170898,0.006673336029052734,0.20930232558139533,1.8189894035458565e-12,0.7976190476190477,0.7936507936507936,527796
5.7202441692352295,0.005794048309326172,0.2500000000000064,1.8189894035458565e-12,0.7619047619047619,0.8015873015873016,527796
5.876882314682007,0.005433320999145508,0.37735849056616155,1.8189894035458565e-12,0.6547619047619048,0.7936507936507936,527796
5.598306894302368,0.006331205368041992,0.47619047619047666,1.8189894035458565e-12,0.5357142857142857,0.7936507936507936,527796
5.6136863231658936,0.006250143051147461,0.3529411764705882,1.8189894035458565e-12,0.6785714285714286,0.8015873015873016,527796
5.600815057754517,0.006372928619384766,0.45,1.8189894035458565e-12,0.5714285714285714,0.8015873015873016,527796
5.9358134269714355,0.0065114498138427734,0.297872340425532,1.8189894035458565e-12,0.7261904761904762,0.7936507936507936,527796
5.777040481567383,0.005372047424316406,0.19999999999999998,1.8189894035458565e-12,0.8214285714285714,0.8015873015873016,527796
5.754208326339722,0.005298614501953125,0.1875,1.8189894035458565e-12,0.8571428571428571,0.8015873015873016,527796
5.850478649139404,0.005358695983886719,0.46774193548388643,1.8189894035458565e-12,0.5476190476190477,0.8015873015873016,527796
5.756077289581299,0.0043792724609375,0.19148936170212766,1.8189894035458565e-12,0.8452380952380952,0.7936507936507936,527796
5.741166591644287,0.005182504653930664,0.18367346938775508,1.8189894035458565e-12,0.8571428571428571,0.7936507936507936,527796
5.942065715789795,0.005001068115234375,0.34,1.8189894035458565e-12,0.6904761904761905,0.8015873015873016,527796
5.762193918228149,0.005730152130126953,0.21428571428579346,1.8189894035458565e-12,0.7857142857142857,0.7936507936507936,527796
6.159265995025635,0.0053424835205078125,0.3125,1.8189894035458565e-12,0.7142857142857143,0.7936507936507936,527796
4.7932446002960205,0.006574153900146484,0.4000000000000054,1.8189894035458565e-12,0.6309523809523809,0.8015873015873016,527796
5.238143444061279,0.006238698959350586,0.3653846153851055,1.8189894035458565e-12,0.6666666666666666,0.8015873015873016,527796
5.189151048660278,0.0067865848541259766,0.19148936170212766,1.8189894035458565e-12,0.8452380952380952,0.7936507936507936,527796
4.954858779907227,0.007892608642578125,0.4000000000000054,1.8189894035458565e-12,0.6309523809523809,0.7936507936507936,527796
5.3763885498046875,0.0042760372161865234,0.45,1.8189894035458565e-12,0.5714285714285714,0.7936507936507936,527796
5.446778059005737,0.006046295166015625,0.2826086956521744,1.8189894035458565e-12,0.7380952380952381,0.8015873015873016,527796
5.452434778213501,0.00507664680480957,0.34,1.8189894035458565e-12,0.6904761904761905,0.8015873015873016,527796
5.172462224960327,0.006237506866455078,0.18367346938775508,1.8189894035458565e-12,0.8690476190476191,0.8015873015873016,527796
5.252413272857666,0.006058931350708008,0.47619047619047666,1.8189894035458565e-12,0.5357142857142857,0.7857142857142857,527796
5.524668216705322,0.004847049713134766,0.37735849056616155,1.8189894035458565e-12,0.6547619047619048,0.8015873015873016,527796
5.45517897605896,0.0052416324615478516,0.3529411764705882,1.8189894035458565e-12,0.6785714285714286,0.7936507936507936,527796
5.424254655838013,0.0050852298736572266,0.34,1.8189894035458565e-12,0.6904761904761905,0.7936507936507936,527796
5.053555488586426,0.006934404373168945,0.4477611940298507,1.8189894035458565e-12,0.5833333333333334,0.8015873015873016,657486
5.397592067718506,0.006833314895629883,0.4477611940298507,1.8189894035458565e-12,0.5833333333333334,0.8015873015873016,657486
5.3926005363464355,0.007232666015625,0.4558823529416437,1.8189894035458565e-12,0.5714285714285714,0.8015873015873016,657486
5.266634225845337,0.0071103572845458984,0.43076923076923074,1.8189894035458565e-12,0.6071428571428571,0.8015873015873016,657486
5.686108112335205,0.00570988655090332,0.513157894736842,1.8189894035458565e-12,0.47619047619047616,0.7936507936507936,657486
5.4958624839782715,0.007730722427368164,0.3508771929824561,1.8189894035458565e-12,0.7023809523809523,0.8095238095238095,657486
5.782412052154541,0.0051839351654052734,0.5256410256410257,1.8189894035458565e-12,0.4523809523809524,0.7936507936507936,657486
5.554580211639404,0.006311893463134766,0.46376811594208434,1.8189894035458565e-12,0.5595238095238095,0.8015873015873016,657486
5.833302021026611,0.004894256591796875,0.4931506849316671,1.8189894035458565e-12,0.5119047619047619,0.8095238095238095,657486
5.8290064334869385,0.004940032958984375,0.4931506849316671,1.8189894035458565e-12,0.5119047619047619,0.8015873015873016,657486
5.702206134796143,0.0055027008056640625,0.5316455696202532,1.8189894035458565e-12,0.44047619047619047,0.8015873015873016,657486
5.774607419967651,0.005140542984008789,0.40322580645161615,1.8189894035458565e-12,0.6428571428571429,0.8015873015873016,657486
5.635095596313477,0.00651860237121582,0.3620689655169395,1.8189894035458565e-12,0.6904761904761905,0.8095238095238095,657486
5.984653949737549,0.0047872066497802734,0.5194805194805195,1.8189894035458565e-12,0.4642857142857143,0.7936507936507936,657486
5.8869264125823975,0.004897356033325195,0.46376811594208434,1.8189894035458565e-12,0.5595238095238095,0.8015873015873016,657486
6.0114219188690186,0.004842996597290039,0.43076923076923074,1.8189894035458565e-12,0.6071428571428571,0.7936507936507936,657486
5.848783254623413,0.004819393157958984,0.41269841269841334,1.8189894035458565e-12,0.6309523809523809,0.8015873015873016,657486
5.965670347213745,0.00510096549987793,0.513157894736842,1.8189894035458565e-12,0.47619047619047616,0.8015873015873016,657486
5.896906852722168,0.005889892578125,0.4861111111111111,1.8189894035458565e-12,0.5238095238095238,0.8015873015873016,657486
5.928705930709839,0.0050051212310791016,0.4714285714285754,1.8189894035458565e-12,0.5476190476190477,0.8015873015873016,657486
5.93290114402771,0.004558563232421875,0.4558823529416437,1.8189894035458565e-12,0.5714285714285714,0.7936507936507936,657486
5.080880165100098,0.006823062896728516,0.4477611940298507,1.8189894035458565e-12,0.5833333333333334,0.8015873015873016,657486
5.6546125411987305,0.005095720291137695,0.4558823529416437,1.8189894035458565e-12,0.5714285714285714,0.7936507936507936,657486
5.609582901000977,0.0049211978912353516,0.3833333333333918,1.8189894035458565e-12,0.6666666666666666,0.8015873015873016,657486
5.62492561340332,0.005227088928222656,0.41269841269841334,1.8189894035458565e-12,0.6309523809523809,0.8015873015873016,657486
5.78300404548645,0.005355358123779297,0.4393939393939394,1.8189894035458565e-12,0.5952380952380952,0.7936507936507936,657486
5.508376836776733,0.006054878234863281,0.4861111111111111,1.8189894035458565e-12,0.5238095238095238,0.8015873015873016,657486
5.470200777053833,0.0069653987884521484,0.4931506849316671,1.8189894035458565e-12,0.5119047619047619,0.8015873015873016,657486
5.512430429458618,0.005772113800048828,0.5256410256410257,1.8189894035458565e-12,0.4523809523809524,0.8015873015873016,657486
4.349557638168335,0.007373809814453125,0.11627906976744186,1.8189894035458565e-12,0.8928571428571429,0.7936507936507936,966655
5.614515066146851,0.005665302276611328,0.11627906976744186,1.8189894035458565e-12,0.8928571428571429,0.8015873015873016,966655
5.739513397216797,0.00622868537902832,0.11627906976744186,1.8189894035458565e-12,0.8928571428571429,0.8015873015873016,966655
5.176679372787476,0.007407665252685547,0.10638297872340426,1.8189894035458565e-12,0.9404761904761905,0.8015873015873016,966655
5.397974491119385,0.0064432621002197266,0.11627906976744186,1.8189894035458565e-12,0.8928571428571429,0.8015873015873016,966655
5.6626136302948,0.006159782409667969,0.30188679245283023,1.8189894035458565e-12,0.75,0.8015873015873016,966655
5.499906778335571,0.005933046340942383,0.11904761904761907,1.8189894035458565e-12,0.8809523809523809,0.8015873015873016,966655
5.701639652252197,0.006410121917724609,0.3620689655169395,1.8189894035458565e-12,0.6904761904761905,0.7936507936507936,966655
5.998767852783203,0.005836009979248047,0.28846153846153866,1.8189894035458565e-12,0.7619047619047619,0.8015873015873016,966655
5.797633647918701,0.005907773971557617,0.19565217391328926,1.8189894035458565e-12,0.8333333333333334,0.8015873015873016,966655
5.616867303848267,0.006236076354980469,0.10638297872340426,1.8189894035458565e-12,0.9404761904761905,0.8015873015873016,966655
5.776933193206787,0.006424665451049805,0.37288135593241456,1.8189894035458565e-12,0.6785714285714286,0.7936507936507936,966655
5.268918991088867,0.007349729537963867,0.37288135593241456,1.8189894035458565e-12,0.6785714285714286,0.7936507936507936,966655
5.757473468780518,0.005670070648193359,0.10869565217391303,1.8189894035458565e-12,0.9285714285714286,0.8015873015873016,966655
5.34015154838562,0.006841182708740234,0.10638297872340426,1.8189894035458565e-12,0.9404761904761905,0.7936507936507936,966655
5.598875284194946,0.006577968597412109,0.10638297872340426,1.8189894035458565e-12,0.9404761904761905,0.8015873015873016,966655
5.669720649719238,0.006297111511230469,0.17777777777744141,1.8189894035458565e-12,0.8452380952380952,0.7936507936507936,966655
5.620741844177246,0.0056841373443603516,0.2600000000000029,1.8189894035458565e-12,0.7857142857142857,0.7936507936507936,966655
5.724107503890991,0.0048809051513671875,0.31481481481481477,1.8189894035458565e-12,0.7380952380952381,0.7936507936507936,966655
5.570925712585449,0.0047338008880615234,0.10638297872340426,1.8189894035458565e-12,0.9404761904761905,0.7936507936507936,966655
5.5408666133880615,0.005949735641479492,0.10638297872340426,1.8189894035458565e-12,0.9404761904761905,0.8015873015873016,966655
5.517915487289429,0.004851102828979492,0.21276595744689578,1.8189894035458565e-12,0.8214285714285714,0.8015873015873016,966655
5.557777643203735,0.0046651363372802734,0.10638297872340426,1.8189894035458565e-12,0.9404761904761905,0.8015873015873016,966655
5.466496467590332,0.0046231746673583984,0.1395348837209303,1.8189894035458565e-12,0.8690476190476191,0.8015873015873016,966655
5.125281810760498,0.007530927658081055,0.10638297872340426,1.8189894035458565e-12,0.9404761904761905,0.7936507936507936,966655
5.026752471923828,0.007043123245239258,0.33928571428571425,1.8189894035458565e-12,0.7142857142857143,0.7936507936507936,966655
5.396859169006348,0.00664830207824707,0.27450980392156954,1.8189894035458565e-12,0.7738095238095238,0.7936507936507936,966655
5.350266695022583,0.0056803226470947266,0.24489795918368304,1.8189894035458565e-12,0.7976190476190477,0.7936507936507936,966655
5.492443084716797,0.006398200988769531,0.10638297872340426,1.8189894035458565e-12,0.9404761904761905,0.7936507936507936,966655
4.691047191619873,0.008229732513427734,0.18604651162790697,1.8189894035458565e-12,0.8214285714285714,0.7936507936507936,342329
5.441065788269043,0.006272554397583008,0.3333333333333333,1.8189894035458565e-12,0.7023809523809523,0.7936507936507936,342329
5.0831170082092285,0.00874185562133789,0.29166666666666685,1.8189894035458565e-12,0.7380952380952381,0.8015873015873016,342329
5.2806971073150635,0.00719904899597168,0.17777777777777778,1.8189894035458565e-12,0.8452380952380952,0.8015873015873016,342329
5.796192169189453,0.005635261535644531,0.4137931034482764,1.8189894035458565e-12,0.6190476190476191,0.8015873015873016,342329
5.692327499389648,0.005707263946533203,0.5072463768115941,1.8189894035458565e-12,0.4880952380952381,0.7936507936507936,342329
5.862644195556641,0.005057334899902344,0.48484848484848486,1.8189894035458565e-12,0.5238095238095238,0.8015873015873016,342329
5.156090259552002,0.006503105163574219,0.4516129032258064,1.8189894035458565e-12,0.5714285714285714,0.7936507936507936,342329
5.881892204284668,0.005299806594848633,0.4687500000000108,1.8189894035458565e-12,0.5476190476190477,0.8015873015873016,342329
5.316296577453613,0.006521463394165039,0.44262295081967207,1.8189894035458565e-12,0.5833333333333334,0.8015873015873016,342329
5.398580074310303,0.007276058197021484,0.18604651162790697,1.8189894035458565e-12,0.8214285714285714,0.7936507936507936,342329
5.260207891464233,0.007550716400146484,0.17777777777777778,1.8189894035458565e-12,0.8452380952380952,0.8015873015873016,342329
5.9550230503082275,0.005211591720581055,0.3928571428571587,1.8189894035458565e-12,0.6428571428571429,0.7936507936507936,342329
5.610637426376343,0.006638288497924805,0.24444444444445437,1.8189894035458565e-12,0.7738095238095238,0.8015873015873016,342329
5.761993169784546,0.005849599838256836,0.29166666666666685,1.8189894035458565e-12,0.7380952380952381,0.7936507936507936,342329
5.856101989746094,0.005276918411254883,0.18181818181818182,1.8189894035458565e-12,0.8333333333333334,0.7936507936507936,342329
5.808615684509277,0.005600929260253906,0.18181818181818182,1.8189894035458565e-12,0.8333333333333334,0.8015873015873016,342329
5.868872404098511,0.005340099334716797,0.42372881355932207,1.8189894035458565e-12,0.6071428571428571,0.7936507936507936,342329
4.9320387840271,0.010005712509155273,0.5211267605633804,1.8189894035458565e-12,0.4642857142857143,0.8015873015873016,342329
5.487767934799194,0.005033016204833984,0.24444444444445437,1.8189894035458565e-12,0.7738095238095238,0.8015873015873016,342329
5.33701753616333,0.004815340042114258,0.34615384615384615,1.8189894035458565e-12,0.6904761904761905,0.7936507936507936,342329
5.449386358261108,0.004765748977661133,0.4603174603176093,1.8189894035458565e-12,0.5595238095238095,0.7936507936507936,342329
5.363394021987915,0.006730079650878906,0.19047619047652092,1.8189894035458565e-12,0.8095238095238095,0.7936507936507936,342329
5.507657289505005,0.005503177642822266,0.48484848484848486,1.8189894035458565e-12,0.5238095238095238,0.7936507936507936,342329
5.668652296066284,0.005321502685546875,0.17391304347826086,1.8189894035458565e-12,0.8571428571428571,0.7936507936507936,342329
5.621717214584351,0.004547834396362305,0.49253731343312473,1.8189894035458565e-12,0.5119047619047619,0.7936507936507936,342329
5.415154457092285,0.006191730499267578,0.4137931034482764,1.8189894035458565e-12,0.6190476190476191,0.8015873015873016,342329
5.702646255493164,0.005324363708496094,0.3584905660377358,1.8189894035458565e-12,0.6785714285714286,0.7936507936507936,342329
5.758119583129883,0.0060002803802490234,0.3333333333333333,1.8189894035458565e-12,0.7023809523809523,0.7936507936507936,342329
4.416306972503662,0.009647846221923828,0.21276595744680848,1.8189894035458565e-12,0.8214285714285714,0.7936507936507936,278135
5.416428327560425,0.00659942626953125,0.4181818181818184,1.8189894035458565e-12,0.6071428571428571,0.8015873015873016,278135
5.782891511917114,0.0068149566650390625,0.43859649122807015,1.8189894035458565e-12,0.5833333333333334,0.7936507936507936,278135
5.594522953033447,0.006624937057495117,0.19607843137254902,1.8189894035458565e-12,0.8690476190476191,0.8015873015873016,278135
5.528650999069214,0.007175445556640625,0.43859649122807015,1.8189894035458565e-12,0.5833333333333334,0.7936507936507936,278135
5.621302127838135,0.0060122013092041016,0.43859649122807015,1.8189894035458565e-12,0.5833333333333334,0.8015873015873016,278135
5.816689491271973,0.00618290901184082,0.39622641509434925,1.8189894035458565e-12,0.6309523809523809,0.8015873015873016,278135
5.744463920593262,0.0061452388763427734,0.45762711864437056,1.8189894035458565e-12,0.5595238095238095,0.7936507936507936,278135
5.662156343460083,0.006298542022705078,0.5616438356164384,1.8189894035458565e-12,0.39285714285714285,0.7936507936507936,278135
5.817513704299927,0.006247520446777344,0.39622641509434925,1.8189894035458565e-12,0.6309523809523809,0.8015873015873016,278135
5.201025009155273,0.007773160934448242,0.19607843137254902,1.8189894035458565e-12,0.8690476190476191,0.7936507936507936,278135
5.809224367141724,0.005520820617675781,0.5555555555555556,1.8189894035458565e-12,0.40476190476190477,0.8015873015873016,278135
5.8497538566589355,0.005618095397949219,0.5,1.8189894035458565e-12,0.5,0.8015873015873016,278135
5.53283166885376,0.0063800811767578125,0.35999999999986587,1.8189894035458565e-12,0.6666666666666666,0.8015873015873016,278135
5.896411418914795,0.0055348873138427734,0.27272727272727365,1.8189894035458565e-12,0.7380952380952381,0.7936507936507936,278135
5.895965814590454,0.006247520446777344,0.19607843137254902,1.8189894035458565e-12,0.8690476190476191,0.7936507936507936,278135
6.202636003494263,0.005795478820800781,0.2040816326530612,1.8189894035458565e-12,0.8452380952380952,0.8015873015873016,278135
5.5116589069366455,0.004765748977661133,0.44827586206896547,1.8189894035458565e-12,0.5714285714285714,0.8015873015873016,278135
5.607281446456909,0.0048427581787109375,0.5362318840579711,1.8189894035458565e-12,0.44047619047619047,0.8015873015873016,278135
5.474026918411255,0.004578590393066406,0.25581395348837616,1.8189894035458565e-12,0.75,0.8015873015873016,278135
5.523134708404541,0.004514217376708984,0.21739130434782608,1.8189894035458565e-12,0.8095238095238095,0.7936507936507936,278135
5.311087608337402,0.0048449039459228516,0.4181818181818184,1.8189894035458565e-12,0.6071428571428571,0.7936507936507936,278135
5.240877866744995,0.009695768356323242,0.1923076923076923,1.8189894035458565e-12,0.8809523809523809,0.7936507936507936,278135
5.601621627807617,0.006051540374755859,0.45762711864437056,1.8189894035458565e-12,0.5595238095238095,0.7936507936507936,278135
5.7226927280426025,0.006011962890625,0.20833333333333334,1.8189894035458565e-12,0.8333333333333334,0.8015873015873016,278135
5.529253721237183,0.006540060043334961,0.384615384615434,1.8189894035458565e-12,0.6428571428571429,0.7936507936507936,278135
5.674736022949219,0.005690336227416992,0.4181818181818184,1.8189894035458565e-12,0.6071428571428571,0.7936507936507936,278135
5.964721918106079,0.005053520202636719,0.5492957746478874,1.8189894035458565e-12,0.4166666666666667,0.7936507936507936,278135
5.615735769271851,0.005746126174926758,0.407407407407409,1.8189894035458565e-12,0.6190476190476191,0.8015873015873016,278135
4.87560510635376,0.008730173110961914,0.20833333333333334,1.8189894035458565e-12,0.8333333333333334,0.7936507936507936,937904
5.85172176361084,0.0055239200592041016,0.4666666666666888,1.8189894035458565e-12,0.5476190476190477,0.8015873015873016,937904
5.660329818725586,0.0059871673583984375,0.45762711864437056,1.8189894035458565e-12,0.5595238095238095,0.8015873015873016,937904
5.738567113876343,0.006695270538330078,0.3191489361702128,1.8189894035458565e-12,0.7023809523809523,0.8015873015873016,937904
6.047787189483643,0.006210803985595703,0.43859649122807015,1.8189894035458565e-12,0.5833333333333334,0.7936507936507936,937904
5.620144844055176,0.006185770034790039,0.25581395348837616,1.8189894035458565e-12,0.75,0.7936507936507936,937904
5.693714380264282,0.006139993667602539,0.5223880597014925,1.8189894035458565e-12,0.4642857142857143,0.8015873015873016,937904
5.796308755874634,0.006260871887207031,0.25581395348837616,1.8189894035458565e-12,0.75,0.7936507936507936,937904
5.918286561965942,0.00621485710144043,0.5223880597014925,1.8189894035458565e-12,0.4642857142857143,0.8015873015873016,937904
5.624887943267822,0.006244659423828125,0.39622641509434925,1.8189894035458565e-12,0.6309523809523809,0.8015873015873016,937904
5.086873531341553,0.006865501403808594,0.45762711864437056,1.8189894035458565e-12,0.5595238095238095,0.7936507936507936,937904
4.778828144073486,0.006703376770019531,0.5492957746478874,1.8189894035458565e-12,0.4166666666666667,0.7936507936507936,937904
5.11865758895874,0.006697416305541992,0.28888888888888914,1.8189894035458565e-12,0.7261904761904762,0.8015873015873016,937904
4.913556337356567,0.00852656364440918,0.3043478260869566,1.8189894035458565e-12,0.7142857142857143,0.7936507936507936,937904
4.872931718826294,0.006548166275024414,0.44827586206896547,1.8189894035458565e-12,0.5714285714285714,0.8015873015873016,937904
5.025508403778076,0.006646871566772461,0.48387096774193544,1.8189894035458565e-12,0.5238095238095238,0.8015873015873016,937904
5.321896314620972,0.004395484924316406,0.21739130434782608,1.8189894035458565e-12,0.8095238095238095,0.8015873015873016,937904
5.348645448684692,0.0041921138763427734,0.44827586206896547,1.8189894035458565e-12,0.5714285714285714,0.7936507936507936,937904
5.479369640350342,0.004651784896850586,0.45762711864437056,1.8189894035458565e-12,0.5595238095238095,0.7936507936507936,937904
5.500701189041138,0.0042955875396728516,0.5,1.8189894035458565e-12,0.5,0.7936507936507936,937904
5.271114826202393,0.004637479782104492,0.43859649122807015,1.8189894035458565e-12,0.5833333333333334,0.7936507936507936,937904
5.437367677688599,0.004450082778930664,0.4181818181818184,1.8189894035458565e-12,0.6071428571428571,0.7936507936507936,937904
5.4494757652282715,0.007313728332519531,0.384615384615434,1.8189894035458565e-12,0.6428571428571429,0.8015873015873016,937904
5.112128019332886,0.009357213973999023,0.47540983606557446,1.8189894035458565e-12,0.5357142857142857,0.8015873015873016,937904
5.467284679412842,0.005525827407836914,0.4000000000000054,1.8189894035458565e-12,0.6309523809523809,0.8015873015873016,937904
5.560218095779419,0.006178855895996094,0.3333333333333333,1.8189894035458565e-12,0.6904761904761905,0.7936507936507936,937904
5.571815490722656,0.0064661502838134766,0.35999999999986587,1.8189894035458565e-12,0.6666666666666666,0.8015873015873016,937904
5.554010629653931,0.006330251693725586,0.43859649122807015,1.8189894035458565e-12,0.5952380952380952,0.7936507936507936,937904
5.5811381340026855,0.005681276321411133,0.5362318840579711,1.8189894035458565e-12,0.44047619047619047,0.8015873015873016,937904
4.441695928573608,0.007398128509521484,0.3023255813953489,1.8189894035458565e-12,0.7023809523809523,0.7936507936507936,151985
5.624088525772095,0.0067882537841796875,0.28260869565217395,1.8189894035458565e-12,0.7380952380952381,0.7936507936507936,151985
5.45590615272522,0.0068302154541015625,0.28260869565217395,1.8189894035458565e-12,0.7380952380952381,0.8015873015873016,151985
5.9263482093811035,0.005484580993652344,0.4912280701753135,1.8189894035458565e-12,0.5119047619047619,0.8015873015873016,151985
5.7855753898620605,0.0055539608001708984,0.2765957446808511,1.8189894035458565e-12,0.75,0.7936507936507936,151985
5.544033050537109,0.0068056583404541016,0.3023255813953489,1.8189894035458565e-12,0.7023809523809523,0.8015873015873016,151985
5.842439889907837,0.006337881088256836,0.4081632653061238,1.8189894035458565e-12,0.6071428571428571,0.7936507936507936,151985
5.796165227890015,0.0065615177154541016,0.2888888888888889,1.8189894035458565e-12,0.7261904761904762,0.8015873015873016,151985
5.71952748298645,0.006974458694458008,0.25490196078431376,1.8189894035458565e-12,0.7976190476190477,0.7936507936507936,151985
5.811373710632324,0.006309986114501953,0.4629629629630333,1.8189894035458565e-12,0.5476190476190477,0.7936507936507936,151985
5.895946979522705,0.006426811218261719,0.47272727272727516,1.8189894035458565e-12,0.5357142857142857,0.8015873015873016,151985
5.4708075523376465,0.006869316101074219,0.24074074074074076,1.8189894035458565e-12,0.8333333333333334,0.7936507936507936,151985
5.772188425064087,0.005641937255859375,0.3023255813953489,1.8189894035458565e-12,0.7023809523809523,0.7936507936507936,151985
4.785150766372681,0.008057117462158203,0.24528301886792456,1.8189894035458565e-12,0.8214285714285714,0.8015873015873016,151985
4.7832372188568115,0.008471250534057617,0.44230769230769224,1.8189894035458565e-12,0.5714285714285714,0.7936507936507936,151985
5.0885539054870605,0.005953788757324219,0.2765957446808511,1.8189894035458565e-12,0.75,0.7936507936507936,151985
5.399659872055054,0.004556894302368164,0.3095238095238096,1.8189894035458565e-12,0.6904761904761905,0.7936507936507936,151985
5.503687381744385,0.004850864410400391,0.3958333333333436,1.8189894035458565e-12,0.6190476190476191,0.7936507936507936,151985
5.655060291290283,0.00486302375793457,0.24528301886792456,1.8189894035458565e-12,0.8214285714285714,0.7936507936507936,151985
5.610979318618774,0.004850864410400391,0.44230769230769224,1.8189894035458565e-12,0.5714285714285714,0.8015873015873016,151985
5.4358437061309814,0.0042340755462646484,0.5245901639344263,1.8189894035458565e-12,0.4642857142857143,0.7936507936507936,151985
5.396019697189331,0.0042421817779541016,0.28260869565217395,1.8189894035458565e-12,0.7380952380952381,0.7936507936507936,151985
5.7495222091674805,0.00569915771484375,0.3023255813953489,1.8189894035458565e-12,0.7023809523809523,0.8015873015873016,151985
5.5173094272613525,0.006331682205200195,0.25,1.8189894035458565e-12,0.8095238095238095,0.7936507936507936,151985
5.746613025665283,0.005946636199951172,0.3409090909090909,1.8189894035458565e-12,0.6666666666666666,0.7936507936507936,151985
5.478390455245972,0.007796525955200195,0.2888888888888889,1.8189894035458565e-12,0.7261904761904762,0.8015873015873016,151985
5.77847957611084,0.0057599544525146484,0.4528301886792006,1.8189894035458565e-12,0.5595238095238095,0.7936507936507936,151985
5.741220712661743,0.006472349166870117,0.3829787234043165,1.8189894035458565e-12,0.6309523809523809,0.7936507936507936,151985
5.868502140045166,0.006232261657714844,0.3829787234043165,1.8189894035458565e-12,0.6309523809523809,0.8015873015873016,151985
5.0773632526397705,0.007355213165283203,0.27272727272727365,1.8189894035458565e-12,0.7380952380952381,0.7936507936507936,918136
5.386327028274536,0.0067408084869384766,0.43859649122807015,1.8189894035458565e-12,0.5833333333333334,0.7936507936507936,918136
5.640007495880127,0.006169795989990234,0.3043478260869566,1.8189894035458565e-12,0.7142857142857143,0.7936507936507936,918136
6.100780725479126,0.0063970088958740234,0.5555555555555556,1.8189894035458565e-12,0.40476190476190477,0.7936507936507936,918136
5.574495315551758,0.00670170783996582,0.45762711864437056,1.8189894035458565e-12,0.5595238095238095,0.7936507936507936,918136
5.485832214355469,0.0060427188873291016,0.28888888888888914,1.8189894035458565e-12,0.7261904761904762,0.7936507936507936,918136
5.749595642089844,0.005654573440551758,0.45762711864437056,1.8189894035458565e-12,0.5595238095238095,0.7936507936507936,918136
5.837281703948975,0.0058896541595458984,0.384615384615434,1.8189894035458565e-12,0.6428571428571429,0.8015873015873016,918136
5.755578517913818,0.005781412124633789,0.2040816326530612,1.8189894035458565e-12,0.8452380952380952,0.7936507936507936,918136
4.841144323348999,0.006728410720825195,0.47540983606557446,1.8189894035458565e-12,0.5357142857142857,0.7936507936507936,918136
4.830144882202148,0.0072345733642578125,0.4285714285714286,1.8189894035458565e-12,0.5952380952380952,0.8015873015873016,918136
4.853519916534424,0.007052183151245117,0.19607843137254902,1.8189894035458565e-12,0.8690476190476191,0.7936507936507936,918136
4.667965650558472,0.011246442794799805,0.3725490196080626,1.8189894035458565e-12,0.6547619047619048,0.8015873015873016,918136
4.828930139541626,0.007548093795776367,0.19999999999999998,1.8189894035458565e-12,0.8571428571428571,0.7936507936507936,918136
5.328318119049072,0.004291534423828125,0.47540983606557446,1.8189894035458565e-12,0.5357142857142857,0.7936507936507936,918136
5.363348722457886,0.004457712173461914,0.5428571428571428,1.8189894035458565e-12,0.42857142857142855,0.8015873015873016,918136
5.318243741989136,0.004560947418212891,0.21739130434782608,1.8189894035458565e-12,0.8095238095238095,0.8015873015873016,918136
5.219554424285889,0.004839420318603516,0.26666666666666666,1.8189894035458565e-12,0.75,0.7936507936507936,918136
5.407310724258423,0.004818439483642578,0.21276595744680848,1.8189894035458565e-12,0.8214285714285714,0.8015873015873016,918136
5.337995767593384,0.005007743835449219,0.22727272727272727,1.8189894035458565e-12,0.7857142857142857,0.7936507936507936,918136
5.368225336074829,0.0044078826904296875,0.5294117647058824,1.8189894035458565e-12,0.4523809523809524,0.7936507936507936,918136
5.287723064422607,0.0050122737884521484,0.3043478260869566,1.8189894035458565e-12,0.7142857142857143,0.7936507936507936,918136
5.66064190864563,0.006142854690551758,0.4285714285714286,1.8189894035458565e-12,0.5952380952380952,0.8015873015873016,918136
5.009643316268921,0.00635528564453125,0.22222222222222218,1.8189894035458565e-12,0.7976190476190477,0.7936507936507936,918136
5.091358184814453,0.005629062652587891,0.22727272727272727,1.8189894035458565e-12,0.7857142857142857,0.7936507936507936,918136
5.036157131195068,0.00673675537109375,0.28888888888888914,1.8189894035458565e-12,0.7261904761904762,0.8015873015873016,918136
5.199098825454712,0.006214618682861328,0.4285714285714286,1.8189894035458565e-12,0.5952380952380952,0.8015873015873016,918136
5.054775714874268,0.0062978267669677734,0.4181818181818184,1.8189894035458565e-12,0.6071428571428571,0.8015873015873016,918136
5.147038459777832,0.006434440612792969,0.4666666666666888,1.8189894035458565e-12,0.5476190476190477,0.8015873015873016,918136
4.2495129108428955,0.007054328918457031,0.3653846153851055,1.8189894035458565e-12,0.6666666666666666,0.7936507936507936,395129
5.651914358139038,0.006785869598388672,0.18,1.8189894035458565e-12,0.8809523809523809,0.7936507936507936,395129
5.427512884140015,0.007414102554321289,0.1764705882352941,1.8189894035458565e-12,0.8928571428571429,0.8015873015873016,395129
5.980687379837036,0.006278038024902344,0.1764705882352941,1.8189894035458565e-12,0.8928571428571429,0.7936507936507936,395129
5.670720815658569,0.00632929801940918,0.16666666666666666,1.8189894035458565e-12,0.8809523809523809,0.8015873015873016,395129
5.781355857849121,0.0068433284759521484,0.19565217391304346,1.8189894035458565e-12,0.8333333333333334,0.7936507936507936,395129
5.587933540344238,0.0071260929107666016,0.18181818181818182,1.8189894035458565e-12,0.8333333333333334,0.7936507936507936,395129
5.748044967651367,0.006083011627197266,0.1875,1.8189894035458565e-12,0.8571428571428571,0.7936507936507936,395129
5.942840814590454,0.006581783294677734,0.2826086956521744,1.8189894035458565e-12,0.7380952380952381,0.7936507936507936,395129
4.652948379516602,0.006940364837646484,0.297872340425532,1.8189894035458565e-12,0.7380952380952381,0.7936507936507936,395129
4.603311538696289,0.00730133056640625,0.18,1.8189894035458565e-12,0.8809523809523809,0.8015873015873016,395129
5.030931234359741,0.006663084030151367,0.2826086956521744,1.8189894035458565e-12,0.7380952380952381,0.8015873015873016,395129
4.786706447601318,0.0066339969635009766,0.2500000000000064,1.8189894035458565e-12,0.7619047619047619,0.7936507936507936,395129
4.764899492263794,0.00813436508178711,0.19999999999999998,1.8189894035458565e-12,0.8214285714285714,0.7936507936507936,395129
4.8362226486206055,0.007046222686767578,0.19148936170212766,1.8189894035458565e-12,0.8452380952380952,0.7936507936507936,395129
5.416934490203857,0.004347801208496094,0.23255813953490714,1.8189894035458565e-12,0.7738095238095238,0.8015873015873016,395129
5.325073003768921,0.004457712173461914,0.1764705882352941,1.8189894035458565e-12,0.8928571428571429,0.8015873015873016,395129
5.3148369789123535,0.0043718814849853516,0.32653061224489793,1.8189894035458565e-12,0.7023809523809523,0.7936507936507936,395129
5.401386260986328,0.004529237747192383,0.34,1.8189894035458565e-12,0.6904761904761905,0.8015873015873016,395129
5.381677627563477,0.00440216064453125,0.1875,1.8189894035458565e-12,0.8571428571428571,0.8015873015873016,395129
5.184844732284546,0.005059719085693359,0.2500000000000064,1.8189894035458565e-12,0.7738095238095238,0.8015873015873016,395129
5.129563808441162,0.005378007888793945,0.26666666666666833,1.8189894035458565e-12,0.75,0.8015873015873016,395129
5.617898464202881,0.005793571472167969,0.21428571428579346,1.8189894035458565e-12,0.7857142857142857,0.7936507936507936,395129
5.161025762557983,0.006613254547119141,0.3125,1.8189894035458565e-12,0.7142857142857143,0.7936507936507936,395129
5.0597569942474365,0.006922006607055664,0.18367346938775508,1.8189894035458565e-12,0.8690476190476191,0.7936507936507936,395129
5.159289598464966,0.006442546844482422,0.26666666666666833,1.8189894035458565e-12,0.75,0.7936507936507936,395129
5.66633677482605,0.005779743194580078,0.23255813953490714,1.8189894035458565e-12,0.7857142857142857,0.7936507936507936,395129
5.4699788093566895,0.006075143814086914,0.1875,1.8189894035458565e-12,0.8571428571428571,0.7936507936507936,395129
5.556320905685425,0.005421161651611328,0.1764705882352941,1.8189894035458565e-12,0.8928571428571429,0.7936507936507936,395129
5.13866400718689,0.0075914859771728516,0.4318181818181818,1.8189894035458565e-12,0.5714285714285714,0.8015873015873016,561993
5.818796634674072,0.00605320930480957,0.33999999999999997,1.8189894035458565e-12,0.6904761904761905,0.7936507936507936,561993
5.950827360153198,0.005553722381591797,0.3090909090909091,1.8189894035458565e-12,0.75,0.7936507936507936,561993
5.903349876403809,0.006181955337524414,0.39534883720930225,1.8189894035458565e-12,0.6071428571428571,0.8015873015873016,561993
6.114867210388184,0.006136655807495117,0.38636363636363635,1.8189894035458565e-12,0.6190476190476191,0.7936507936507936,561993
5.867398262023926,0.005464315414428711,0.37777777777777777,1.8189894035458565e-12,0.6309523809523809,0.7936507936507936,561993
5.993919849395752,0.0067348480224609375,0.489795918367347,1.8189894035458565e-12,0.5119047619047619,0.8015873015873016,561993
5.666539430618286,0.005978584289550781,0.3617021276595745,1.8189894035458565e-12,0.6547619047619048,0.8015873015873016,561993
5.890835523605347,0.005869865417480469,0.4791666666666668,1.8189894035458565e-12,0.5238095238095238,0.8015873015873016,561993
4.849427938461304,0.007094383239746094,0.489795918367347,1.8189894035458565e-12,0.5119047619047619,0.7936507936507936,561993
4.92307186126709,0.007963418960571289,0.3333333333333333,1.8189894035458565e-12,0.7023809523809523,0.7936507936507936,561993
4.953765869140625,0.007280111312866211,0.5192307692307693,1.8189894035458565e-12,0.47619047619047616,0.7936507936507936,561993
4.656342267990112,0.006565570831298828,0.37777777777777777,1.8189894035458565e-12,0.6309523809523809,0.8015873015873016,561993
4.79028582572937,0.007676124572753906,0.3090909090909091,1.8189894035458565e-12,0.75,0.8015873015873016,561993
4.895071744918823,0.006443500518798828,0.3333333333333333,1.8189894035458565e-12,0.7023809523809523,0.8015873015873016,561993
5.396545886993408,0.004631757736206055,0.45652173913083427,1.8189894035458565e-12,0.5476190476190477,0.8015873015873016,561993
5.425107955932617,0.004125833511352539,0.3090909090909091,1.8189894035458565e-12,0.75,0.7936507936507936,561993
5.4337849617004395,0.0040340423583984375,0.5283018867924528,1.8189894035458565e-12,0.4642857142857143,0.8015873015873016,561993
5.372805833816528,0.004721879959106445,0.5098039215686274,1.8189894035458565e-12,0.4880952380952381,0.7936507936507936,561993
5.500816345214844,0.004538297653198242,0.3541666666666667,1.8189894035458565e-12,0.6666666666666666,0.7936507936507936,561993
5.6262526512146,0.004858255386352539,0.5370370370370371,1.8189894035458565e-12,0.4523809523809524,0.7936507936507936,561993
5.573386907577515,0.004720926284790039,0.46808510638299244,1.8189894035458565e-12,0.5357142857142857,0.8015873015873016,561993
5.668045282363892,0.0061762332916259766,0.4444444444444445,1.8189894035458565e-12,0.5595238095238095,0.8015873015873016,561993
5.358436346054077,0.006226301193237305,0.46808510638299244,1.8189894035458565e-12,0.5357142857142857,0.7936507936507936,561993
5.05191707611084,0.013576507568359375,0.3090909090909091,1.8189894035458565e-12,0.75,0.7936507936507936,561993
5.298546552658081,0.00714874267578125,0.41860465116279094,1.8189894035458565e-12,0.5833333333333334,0.8015873015873016,561993
5.251154899597168,0.005501508712768555,0.5192307692307693,1.8189894035458565e-12,0.47619047619047616,0.7936507936507936,561993
5.233415126800537,0.00672459602355957,0.3090909090909091,1.8189894035458565e-12,0.75,0.7936507936507936,561993
5.29536771774292,0.007409334182739258,0.3148148148148148,1.8189894035458565e-12,0.7380952380952381,0.8015873015873016,561993
4.7160186767578125,0.007216215133666992,0.27906976744186046,1.8189894035458565e-12,0.7261904761904762,0.7936507936507936,998757
5.32382345199585,0.006584882736206055,0.3750000000001645,1.8189894035458565e-12,0.6428571428571429,0.7936507936507936,998757
5.082393646240234,0.00746917724609375,0.45454545454509776,1.8189894035458565e-12,0.5595238095238095,0.8015873015873016,998757
5.2527666091918945,0.005850076675415039,0.22641509433962262,1.8189894035458565e-12,0.8452380952380952,0.7936507936507936,998757
5.678313970565796,0.006038665771484375,0.3333333333333333,1.8189894035458565e-12,0.6785714285714286,0.7936507936507936,998757
5.274386882781982,0.005587339401245117,0.5454545454545454,1.8189894035458565e-12,0.42857142857142855,0.8015873015873016,998757
5.8437323570251465,0.006091594696044922,0.4117647058823537,1.8189894035458565e-12,0.6071428571428571,0.8015873015873016,998757
4.731279373168945,0.006825923919677734,0.4642857142857615,1.8189894035458565e-12,0.5476190476190477,0.7936507936507936,998757
5.066854000091553,0.006288290023803711,0.5384615384615384,1.8189894035458565e-12,0.44047619047619047,0.7936507936507936,998757
5.059665679931641,0.00677800178527832,0.3750000000001645,1.8189894035458565e-12,0.6309523809523809,0.7936507936507936,998757
4.941948890686035,0.0070476531982421875,0.2222222222222222,1.8189894035458565e-12,0.8571428571428571,0.8015873015873016,998757
4.876098871231079,0.007032155990600586,0.2553191489361702,1.8189894035458565e-12,0.7738095238095238,0.7936507936507936,998757
4.793165445327759,0.007786750793457031,0.5161290322580645,1.8189894035458565e-12,0.47619047619047616,0.7936507936507936,998757
5.085826873779297,0.005934953689575195,0.45454545454509776,1.8189894035458565e-12,0.5595238095238095,0.8015873015873016,998757
5.126192808151245,0.006614208221435547,0.34782608695652173,1.8189894035458565e-12,0.6666666666666666,0.8015873015873016,998757
5.371513366699219,0.004628658294677734,0.27272727272727276,1.8189894035458565e-12,0.7380952380952381,0.8015873015873016,998757
5.259888410568237,0.0047757625579833984,0.2222222222222222,1.8189894035458565e-12,0.8571428571428571,0.8015873015873016,998757
5.312331914901733,0.004494667053222656,0.285714285714286,1.8189894035458565e-12,0.7142857142857143,0.8015873015873016,998757
5.2825562953948975,0.004686117172241211,0.44444444444444453,1.8189894035458565e-12,0.5714285714285714,0.7936507936507936,998757
5.505483150482178,0.0046918392181396484,0.27272727272727276,1.8189894035458565e-12,0.7380952380952381,0.7936507936507936,998757
5.297250986099243,0.0044994354248046875,0.24,1.8189894035458565e-12,0.8095238095238095,0.7936507936507936,998757
5.338114023208618,0.004931926727294922,0.34782608695652173,1.8189894035458565e-12,0.6666666666666666,0.8015873015873016,998757
5.510917901992798,0.005117893218994141,0.22641509433962262,1.8189894035458565e-12,0.8452380952380952,0.8015873015873016,998757
5.104899883270264,0.005664825439453125,0.44444444444444453,1.8189894035458565e-12,0.5714285714285714,0.7936507936507936,998757
5.108297824859619,0.0060443878173828125,0.27272727272727276,1.8189894035458565e-12,0.7380952380952381,0.8015873015873016,998757
5.215393781661987,0.005754232406616211,0.4827586206896552,1.8189894035458565e-12,0.5238095238095238,0.7936507936507936,998757
5.037709712982178,0.0063016414642333984,0.36170212765929993,1.8189894035458565e-12,0.6547619047619048,0.7936507936507936,998757
5.233199834823608,0.0059702396392822266,0.38775510204084873,1.8189894035458565e-12,0.6309523809523809,0.7936507936507936,998757
5.199426889419556,0.006044626235961914,0.4827586206896552,1.8189894035458565e-12,0.5238095238095238,0.8015873015873016,998757
5.520068407058716,0.007200956344604492,0.26785714285714285,1.8189894035458565e-12,0.8095238095238095,0.8015873015873016,863985
5.181879281997681,0.006592988967895508,0.2727272727272727,1.8189894035458565e-12,0.7976190476190477,0.8015873015873016,863985
5.352029323577881,0.0067136287689208984,0.41666666666666696,1.8189894035458565e-12,0.5952380952380952,0.7936507936507936,863985
5.891587972640991,0.005241870880126953,0.2641509433962264,1.8189894035458565e-12,0.7976190476190477,0.8015873015873016,863985
5.83022403717041,0.005780935287475586,0.2692307692307692,1.8189894035458565e-12,0.7857142857142857,0.8015873015873016,863985
5.8181798458099365,0.0057830810546875,0.25925925925925924,1.8189894035458565e-12,0.8095238095238095,0.7936507936507936,863985
5.668242692947388,0.005616903305053711,0.3,1.8189894035458565e-12,0.7380952380952381,0.8015873015873016,863985
6.056848526000977,0.005929470062255859,0.2727272727272727,1.8189894035458565e-12,0.7976190476190477,0.8015873015873016,863985
5.7728753089904785,0.0065691471099853516,0.25925925925925924,1.8189894035458565e-12,0.7976190476190477,0.7936507936507936,863985
5.813033580780029,0.005381107330322266,0.33333333333333337,1.8189894035458565e-12,0.6666666666666666,0.8015873015873016,863985
4.800266981124878,0.00709080696105957,0.3111111111111111,1.8189894035458565e-12,0.7023809523809523,0.7936507936507936,863985
5.0046467781066895,0.005891323089599609,0.25,1.8189894035458565e-12,0.8333333333333334,0.8015873015873016,863985
5.069650173187256,0.006141185760498047,0.2830188679245283,1.8189894035458565e-12,0.7738095238095238,0.8015873015873016,863985
4.938415050506592,0.00635075569152832,0.25,1.8189894035458565e-12,0.8333333333333334,0.8015873015873016,863985
4.697576522827148,0.006531476974487305,0.30434782608695654,1.8189894035458565e-12,0.7142857142857143,0.8015873015873016,863985
4.9371654987335205,0.006326198577880859,0.2978723404255319,1.8189894035458565e-12,0.7261904761904762,0.7936507936507936,863985
4.552518606185913,0.007289886474609375,0.25,1.8189894035458565e-12,0.8333333333333334,0.8015873015873016,863985
5.30064845085144,0.004652261734008789,0.2884615384615385,1.8189894035458565e-12,0.7619047619047619,0.7936507936507936,863985
5.267673969268799,0.0045015811920166016,0.36363636363595503,1.8189894035458565e-12,0.6428571428571429,0.8015873015873016,863985
5.407452344894409,0.0047605037689208984,0.2641509433962264,1.8189894035458565e-12,0.7976190476190477,0.7936507936507936,863985
5.429436206817627,0.00470280647277832,0.27999999999999997,1.8189894035458565e-12,0.7619047619047619,0.7936507936507936,863985
5.461903810501099,0.00493931770324707,0.27999999999999997,1.8189894035458565e-12,0.7619047619047619,0.8015873015873016,863985
5.033261775970459,0.005929708480834961,0.2692307692307692,1.8189894035458565e-12,0.7857142857142857,0.8015873015873016,863985
5.335675239562988,0.0076084136962890625,0.2692307692307692,1.8189894035458565e-12,0.7857142857142857,0.8015873015873016,863985
5.229327917098999,0.005431413650512695,0.3913043478261068,1.8189894035458565e-12,0.6190476190476191,0.7936507936507936,863985
5.3932085037231445,0.005125284194946289,0.2641509433962264,1.8189894035458565e-12,0.7976190476190477,0.8015873015873016,863985
5.434790134429932,0.005027055740356445,0.2884615384615385,1.8189894035458565e-12,0.7619047619047619,0.7936507936507936,863985
5.068225622177124,0.005415201187133789,0.2641509433962264,1.8189894035458565e-12,0.7976190476190477,0.7936507936507936,863985
5.242777585983276,0.0062029361724853516,0.34883720930232553,1.8189894035458565e-12,0.6428571428571429,0.8015873015873016,863985
4.898636817932129,0.008252620697021484,0.27272727272727365,1.8189894035458565e-12,0.7380952380952381,0.8015873015873016,180679
5.165314435958862,0.006876707077026367,0.25581395348837616,1.8189894035458565e-12,0.75,0.8015873015873016,180679
5.047237157821655,0.006201267242431641,0.3191489361702128,1.8189894035458565e-12,0.7023809523809523,0.8015873015873016,180679
5.151015281677246,0.006220102310180664,0.45762711864437056,1.8189894035458565e-12,0.5595238095238095,0.8015873015873016,180679
5.150402545928955,0.006161212921142578,0.27272727272727365,1.8189894035458565e-12,0.7380952380952381,0.7936507936507936,180679
4.728710889816284,0.00674891471862793,0.27272727272727365,1.8189894035458565e-12,0.7380952380952381,0.8015873015873016,180679
4.723647117614746,0.00652313232421875,0.407407407407409,1.8189894035458565e-12,0.6190476190476191,0.8015873015873016,180679
4.543391227722168,0.008310794830322266,0.3333333333333333,1.8189894035458565e-12,0.6904761904761905,0.7936507936507936,180679
4.78165602684021,0.006440401077270508,0.21739130434782608,1.8189894035458565e-12,0.8095238095238095,0.8015873015873016,180679
4.531405925750732,0.008552789688110352,0.4666666666666888,1.8189894035458565e-12,0.5476190476190477,0.8015873015873016,180679
4.985642671585083,0.0062596797943115234,0.43859649122807015,1.8189894035458565e-12,0.5833333333333334,0.8015873015873016,180679
4.488674879074097,0.007014751434326172,0.19607843137254902,1.8189894035458565e-12,0.8690476190476191,0.8015873015873016,180679
5.160139560699463,0.004522562026977539,0.3191489361702128,1.8189894035458565e-12,0.7023809523809523,0.8015873015873016,180679
5.172287702560425,0.004378080368041992,0.19607843137254902,1.8189894035458565e-12,0.8690476190476191,0.7936507936507936,180679
5.172581672668457,0.00427699089050293,0.44827586206896547,1.8189894035458565e-12,0.5714285714285714,0.7936507936507936,180679
5.273586273193359,0.004597902297973633,0.48387096774193544,1.8189894035458565e-12,0.5238095238095238,0.7936507936507936,180679
5.11627197265625,0.0046041011810302734,0.22727272727272727,1.8189894035458565e-12,0.7857142857142857,0.7936507936507936,180679
5.016693830490112,0.005341768264770508,0.28888888888888914,1.8189894035458565e-12,0.7261904761904762,0.7936507936507936,180679
5.283403635025024,0.004419803619384766,0.384615384615434,1.8189894035458565e-12,0.6428571428571429,0.8015873015873016,180679
5.10989236831665,0.004282951354980469,0.22222222222222218,1.8189894035458565e-12,0.7976190476190477,0.7936507936507936,180679
5.18248176574707,0.005140542984008789,0.407407407407409,1.8189894035458565e-12,0.6190476190476191,0.8015873015873016,180679
5.211188077926636,0.004465341567993164,0.25581395348837616,1.8189894035458565e-12,0.75,0.8015873015873016,180679
5.601191520690918,0.007366657257080078,0.25581395348837616,1.8189894035458565e-12,0.75,0.7936507936507936,180679
4.89132833480835,0.00622868537902832,0.22222222222222218,1.8189894035458565e-12,0.7976190476190477,0.8015873015873016,180679
4.949500560760498,0.007000923156738281,0.28888888888888914,1.8189894035458565e-12,0.7261904761904762,0.8015873015873016,180679
5.13137412071228,0.005889892578125,0.23809523809525393,1.8189894035458565e-12,0.7619047619047619,0.8015873015873016,180679
4.769420623779297,0.007517814636230469,0.4285714285714286,1.8189894035458565e-12,0.5952380952380952,0.7936507936507936,180679
5.329454183578491,0.005917072296142578,0.35999999999986587,1.8189894035458565e-12,0.6666666666666666,0.8015873015873016,180679
4.902893543243408,0.005635261535644531,0.384615384615434,1.8189894035458565e-12,0.6428571428571429,0.8015873015873016,180679
5.302118301391602,0.006534576416015625,0.26,1.8189894035458565e-12,0.7857142857142857,0.7936507936507936,336172
5.424041032791138,0.0057294368743896484,0.3023255813953489,1.8189894035458565e-12,0.7023809523809523,0.7936507936507936,336172
5.484551191329956,0.006466865539550781,0.26,1.8189894035458565e-12,0.7857142857142857,0.7936507936507936,336172
5.40201735496521,0.006409406661987305,0.4528301886792006,1.8189894035458565e-12,0.5595238095238095,0.8015873015873016,336172
5.6268250942230225,0.005297660827636719,0.44230769230769224,1.8189894035458565e-12,0.5714285714285714,0.7936507936507936,336172
5.3900251388549805,0.0062596797943115234,0.3095238095238096,1.8189894035458565e-12,0.6904761904761905,0.7936507936507936,336172
5.846552848815918,0.005054950714111328,0.42000000000000015,1.8189894035458565e-12,0.5952380952380952,0.7936507936507936,336172
5.546730995178223,0.005228281021118164,0.36956521739161313,1.8189894035458565e-12,0.6428571428571429,0.8015873015873016,336172
5.762600898742676,0.0049762725830078125,0.3555555555555556,1.8189894035458565e-12,0.6547619047619048,0.7936507936507936,336172
5.531753301620483,0.005682706832885742,0.3555555555555556,1.8189894035458565e-12,0.6547619047619048,0.8015873015873016,336172
5.590498447418213,0.0048220157623291016,0.2653061224489796,1.8189894035458565e-12,0.7738095238095238,0.8015873015873016,336172
5.538569450378418,0.0058917999267578125,0.26,1.8189894035458565e-12,0.7857142857142857,0.7936507936507936,336172
5.720783233642578,0.005125522613525391,0.3829787234043165,1.8189894035458565e-12,0.6309523809523809,0.7936507936507936,336172
4.853517532348633,0.006699562072753906,0.3023255813953489,1.8189894035458565e-12,0.7023809523809523,0.7936507936507936,336172
4.954341411590576,0.00774383544921875,0.3095238095238096,1.8189894035458565e-12,0.6904761904761905,0.8015873015873016,336172
5.2915427684783936,0.00617527961730957,0.3829787234043165,1.8189894035458565e-12,0.6309523809523809,0.8015873015873016,336172
5.243090867996216,0.0060749053955078125,0.29545454545454547,1.8189894035458565e-12,0.7142857142857143,0.8015873015873016,336172
5.049314260482788,0.007328510284423828,0.2888888888888889,1.8189894035458565e-12,0.7261904761904762,0.8015873015873016,336172
5.400696277618408,0.006545305252075195,0.43137254901960786,1.8189894035458565e-12,0.5833333333333334,0.8015873015873016,336172
5.190728187561035,0.006840705871582031,0.5245901639344263,1.8189894035458565e-12,0.4642857142857143,0.8015873015873016,336172
5.43476676940918,0.004474639892578125,0.2653061224489796,1.8189894035458565e-12,0.7738095238095238,0.8015873015873016,336172
5.431150197982788,0.004182100296020508,0.44230769230769224,1.8189894035458565e-12,0.5714285714285714,0.8015873015873016,336172
5.342745542526245,0.005167484283447266,0.2653061224489796,1.8189894035458565e-12,0.7738095238095238,0.8015873015873016,336172
5.360322713851929,0.005256175994873047,0.42000000000000015,1.8189894035458565e-12,0.5952380952380952,0.7936507936507936,336172
5.242250680923462,0.006312131881713867,0.26,1.8189894035458565e-12,0.7857142857142857,0.8015873015873016,336172
5.334502696990967,0.005329132080078125,0.47272727272727516,1.8189894035458565e-12,0.5357142857142857,0.8015873015873016,336172
5.384573936462402,0.0055196285247802734,0.36956521739161313,1.8189894035458565e-12,0.6428571428571429,0.7936507936507936,336172
5.33951210975647,0.0050547122955322266,0.2888888888888889,1.8189894035458565e-12,0.7261904761904762,0.8015873015873016,336172
5.405079126358032,0.005499601364135742,0.3255813953488373,1.8189894035458565e-12,0.6785714285714286,0.7936507936507936,336172
5.461914539337158,0.0055811405181884766,0.4242424242424243,1.8189894035458565e-12,0.6190476190476191,0.7936507936507936,556357
5.153963804244995,0.00646209716796875,0.2692307692307706,1.8189894035458565e-12,0.7857142857142857,0.8015873015873016,556357
5.75044584274292,0.005475521087646484,0.2692307692307706,1.8189894035458565e-12,0.7738095238095238,0.8015873015873016,556357
5.407410621643066,0.005844831466674805,0.5189873417721519,1.8189894035458565e-12,0.4642857142857143,0.8015873015873016,556357
5.7461254596710205,0.005536079406738281,0.32142857142857145,1.8189894035458565e-12,0.7380952380952381,0.8015873015873016,556357
5.208903551101685,0.0069119930267333984,0.22448979591840798,1.8189894035458565e-12,0.8214285714285714,0.7936507936507936,556357
5.638314723968506,0.0056324005126953125,0.3666666666670929,1.8189894035458565e-12,0.6904761904761905,0.8015873015873016,556357
5.538898944854736,0.006114959716796875,0.24000000000001373,1.8189894035458565e-12,0.8095238095238095,0.8015873015873016,556357
5.473219156265259,0.006674051284790039,0.0952380952380953,1.8189894035458565e-12,0.9047619047619048,0.7936507936507936,556357
5.397761821746826,0.005960226058959961,0.4794520547945207,1.8189894035458565e-12,0.5357142857142857,0.7936507936507936,556357
6.072903394699097,0.006460905075073242,0.49333333333346635,1.8189894035458565e-12,0.5119047619047619,0.7936507936507936,556357
5.880349636077881,0.006390094757080078,0.08695652173913043,1.8189894035458565e-12,0.9523809523809523,0.8015873015873016,556357
4.972259998321533,0.00861501693725586,0.32142857142857145,1.8189894035458565e-12,0.7380952380952381,0.8015873015873016,556357
4.970201015472412,0.006784200668334961,0.19148936170243966,1.8189894035458565e-12,0.8452380952380952,0.8015873015873016,556357
4.706252098083496,0.008653402328491211,0.3870967741935839,1.8189894035458565e-12,0.6666666666666666,0.7936507936507936,556357
4.670953750610352,0.008308172225952148,0.4864864864864865,1.8189894035458565e-12,0.5238095238095238,0.8015873015873016,556357
4.686713218688965,0.008524417877197266,0.4794520547945207,1.8189894035458565e-12,0.5357142857142857,0.8015873015873016,556357
5.339342355728149,0.004347085952758789,0.4722222222222251,1.8189894035458565e-12,0.5476190476190477,0.8015873015873016,556357
5.548346281051636,0.00465846061706543,0.3968253968254057,1.8189894035458565e-12,0.6547619047619048,0.8015873015873016,556357
5.534767150878906,0.004742145538330078,0.17391304347807487,1.8189894035458565e-12,0.8571428571428571,0.8015873015873016,556357
5.583773374557495,0.004801034927368164,0.37704918032799745,1.8189894035458565e-12,0.6785714285714286,0.8015873015873016,556357
5.449460744857788,0.004522562026977539,0.4864864864864865,1.8189894035458565e-12,0.5238095238095238,0.8015873015873016,556357
5.631166934967041,0.005364894866943359,0.37704918032799745,1.8189894035458565e-12,0.6785714285714286,0.8095238095238095,556357
5.264052867889404,0.006480693817138672,0.4328358208955224,1.8189894035458565e-12,0.6071428571428571,0.8015873015873016,556357
5.380332946777344,0.006374835968017578,0.30909090909090914,1.8189894035458565e-12,0.75,0.8015873015873016,556357
5.388985633850098,0.005974531173706055,0.2830188679245287,1.8189894035458565e-12,0.7738095238095238,0.8015873015873016,556357
5.170638084411621,0.005892753601074219,0.406250000000002,1.8189894035458565e-12,0.6428571428571429,0.7936507936507936,556357
5.378074407577515,0.006037235260009766,0.35593220338983056,1.8189894035458565e-12,0.7023809523809523,0.7936507936507936,556357
5.172853708267212,0.006128787994384766,0.2549019607843182,1.8189894035458565e-12,0.7976190476190477,0.7936507936507936,556357
5.409240007400513,0.008147239685058594,0.4137931034482764,1.8189894035458565e-12,0.6190476190476191,0.8015873015873016,893198
5.573812961578369,0.005980014801025391,0.31999999999999995,1.8189894035458565e-12,0.7142857142857143,0.8015873015873016,893198
5.79584264755249,0.004419565200805664,0.18604651162790697,1.8189894035458565e-12,0.8214285714285714,0.7936507936507936,893198
5.375639915466309,0.006116628646850586,0.24444444444445437,1.8189894035458565e-12,0.7738095238095238,0.7936507936507936,893198
5.372194528579712,0.007059574127197266,0.3928571428571587,1.8189894035458565e-12,0.6428571428571429,0.7936507936507936,893198
5.671717643737793,0.00509190559387207,0.3928571428571587,1.8189894035458565e-12,0.6428571428571429,0.7936507936507936,893198
5.809951066970825,0.0048427581787109375,0.4687500000000108,1.8189894035458565e-12,0.5476190476190477,0.8015873015873016,893198
5.685915946960449,0.004631757736206055,0.4516129032258064,1.8189894035458565e-12,0.5714285714285714,0.7936507936507936,893198
5.806870460510254,0.004856109619140625,0.4687500000000108,1.8189894035458565e-12,0.5476190476190477,0.8015873015873016,893198
5.347944498062134,0.006274223327636719,0.5072463768115941,1.8189894035458565e-12,0.4880952380952381,0.8015873015873016,893198
5.631429433822632,0.004940986633300781,0.2765957446808518,1.8189894035458565e-12,0.75,0.7936507936507936,893198
5.761712074279785,0.005063295364379883,0.37037037037065224,1.8189894035458565e-12,0.6666666666666666,0.7936507936507936,893198
5.108792304992676,0.006563425064086914,0.4603174603176093,1.8189894035458565e-12,0.5595238095238095,0.8015873015873016,893198
5.111666202545166,0.007996320724487305,0.29166666666666685,1.8189894035458565e-12,0.7380952380952381,0.7936507936507936,893198
5.08634352684021,0.0068967342376708984,0.4137931034482764,1.8189894035458565e-12,0.6190476190476191,0.7936507936507936,893198
5.200709342956543,0.007262706756591797,0.44262295081967207,1.8189894035458565e-12,0.5833333333333334,0.8015873015873016,893198
5.355062961578369,0.005759716033935547,0.17021276595744683,1.8189894035458565e-12,0.8690476190476191,0.8015873015873016,893198
5.204677104949951,0.006505489349365234,0.5211267605633804,1.8189894035458565e-12,0.4642857142857143,0.7936507936507936,893198
5.307683229446411,0.00546574592590332,0.5142857142857142,1.8189894035458565e-12,0.47619047619047616,0.8015873015873016,893198
5.369890451431274,0.005182743072509766,0.48484848484848486,1.8189894035458565e-12,0.5238095238095238,0.7936507936507936,893198
5.11776328086853,0.006240129470825195,0.22727272727276096,1.8189894035458565e-12,0.7857142857142857,0.7936507936507936,893198
5.163672208786011,0.006263256072998047,0.49253731343312473,1.8189894035458565e-12,0.5119047619047619,0.8015873015873016,893198
5.309391260147095,0.005698680877685547,0.48484848484848486,1.8189894035458565e-12,0.5238095238095238,0.7936507936507936,893198
5.351238012313843,0.005734682083129883,0.4137931034482764,1.8189894035458565e-12,0.6190476190476191,0.8015873015873016,893198
5.408831596374512,0.005121946334838867,0.17777777777777778,1.8189894035458565e-12,0.8452380952380952,0.7936507936507936,893198
5.5378501415252686,0.0050275325775146484,0.3928571428571587,1.8189894035458565e-12,0.6428571428571429,0.7936507936507936,893198
5.430828332901001,0.005007505416870117,0.42372881355932207,1.8189894035458565e-12,0.6071428571428571,0.8015873015873016,893198
5.53708028793335,0.00491642951965332,0.3584905660377358,1.8189894035458565e-12,0.6785714285714286,0.7936507936507936,893198
5.444186210632324,0.004472255706787109,0.44262295081967207,1.8189894035458565e-12,0.5833333333333334,0.8015873015873016,893198
5.536951065063477,0.006735324859619141,0.3846153846153846,1.8189894035458565e-12,0.6428571428571429,0.8015873015873016,207696
5.777924537658691,0.004754066467285156,0.4545454545454546,1.8189894035458565e-12,0.5476190476190477,0.8015873015873016,207696
5.972108602523804,0.004622697830200195,0.5,1.8189894035458565e-12,0.5,0.8015873015873016,207696
5.693084716796875,0.005620479583740234,0.39999999999999997,1.8189894035458565e-12,0.6190476190476191,0.8015873015873016,207696
5.639540672302246,0.00608062744140625,0.3636363636363636,1.8189894035458565e-12,0.6785714285714286,0.8015873015873016,207696
5.606743574142456,0.005429983139038086,0.3333333333333333,1.8189894035458565e-12,0.7380952380952381,0.8015873015873016,207696
5.565746545791626,0.005945920944213867,0.5217391304347826,1.8189894035458565e-12,0.47619047619047616,0.8015873015873016,207696
5.596574783325195,0.006339073181152344,0.35714285714285715,1.8189894035458565e-12,0.6904761904761905,0.8015873015873016,207696
5.491216421127319,0.007742166519165039,0.35714285714285715,1.8189894035458565e-12,0.6904761904761905,0.7936507936507936,207696
5.6269142627716064,0.005382061004638672,0.5111111111111111,1.8189894035458565e-12,0.4880952380952381,0.7936507936507936,207696
5.72728967666626,0.005456447601318359,0.5319148936170213,1.8189894035458565e-12,0.4642857142857143,0.8015873015873016,207696
5.351198434829712,0.0067217350006103516,0.32786885245901637,1.8189894035458565e-12,0.75,0.7936507936507936,207696
5.932714462280273,0.004841327667236328,0.4081632653061224,1.8189894035458565e-12,0.6071428571428571,0.8015873015873016,207696
5.742825746536255,0.0045239925384521484,0.32786885245901637,1.8189894035458565e-12,0.75,0.8015873015873016,207696
5.872828245162964,0.0042150020599365234,0.5319148936170213,1.8189894035458565e-12,0.4642857142857143,0.8015873015873016,207696
5.748871803283691,0.004490375518798828,0.46511627906976744,1.8189894035458565e-12,0.5357142857142857,0.8015873015873016,207696
5.92702841758728,0.00470733642578125,0.4166666666666667,1.8189894035458565e-12,0.5952380952380952,0.8015873015873016,207696
6.011890411376953,0.004295825958251953,0.425531914893617,1.8189894035458565e-12,0.5833333333333334,0.7936507936507936,207696
5.842351198196411,0.00504755973815918,0.4545454545454546,1.8189894035458565e-12,0.5476190476190477,0.7936507936507936,207696
5.820955991744995,0.0049037933349609375,0.3389830508474576,1.8189894035458565e-12,0.7261904761904762,0.8015873015873016,207696
5.355914354324341,0.0067560672760009766,0.5416666666666666,1.8189894035458565e-12,0.4523809523809524,0.7936507936507936,207696
5.099330425262451,0.006952524185180664,0.4081632653061224,1.8189894035458565e-12,0.6071428571428571,0.8015873015873016,207696
5.550166368484497,0.0069620609283447266,0.3508771929824561,1.8189894035458565e-12,0.7023809523809523,0.7936507936507936,207696
5.5071892738342285,0.005794048309326172,0.5319148936170213,1.8189894035458565e-12,0.4642857142857143,0.7936507936507936,207696
5.5404016971588135,0.0061304569244384766,0.3636363636363636,1.8189894035458565e-12,0.6785714285714286,0.7936507936507936,207696
5.538778066635132,0.005177497863769531,0.37037037037037035,1.8189894035458565e-12,0.6666666666666666,0.8015873015873016,207696
5.610644817352295,0.005738496780395508,0.37735849056603776,1.8189894035458565e-12,0.6547619047619048,0.7936507936507936,207696
5.705747842788696,0.004838228225708008,0.46511627906976744,1.8189894035458565e-12,0.5357142857142857,0.8015873015873016,207696
5.610849142074585,0.0055963993072509766,0.5217391304347826,1.8189894035458565e-12,0.47619047619047616,0.8174603174603174,207696
4.704688310623169,0.008623361587524414,0.285714285714286,1.8189894035458565e-12,0.75,0.7936507936507936,984799
5.58767294883728,0.0075876712799072266,0.30000000000000004,1.8189894035458565e-12,0.7380952380952381,0.8015873015873016,984799
5.6952595710754395,0.0072786808013916016,0.1627906976744186,1.8189894035458565e-12,0.8452380952380952,0.8015873015873016,984799
5.865258455276489,0.004688262939453125,0.339622641509434,1.8189894035458565e-12,0.7023809523809523,0.7936507936507936,984799
5.786792516708374,0.005499124526977539,0.406779661016951,1.8189894035458565e-12,0.6309523809523809,0.8015873015873016,984799
5.773939371109009,0.005741119384765625,0.31372549019607837,1.8189894035458565e-12,0.7261904761904762,0.8015873015873016,984799
5.674879550933838,0.0060346126556396484,0.36363636363595503,1.8189894035458565e-12,0.6785714285714286,0.7936507936507936,984799
5.758579969406128,0.00500798225402832,0.5070422535211268,1.8189894035458565e-12,0.4880952380952381,0.8015873015873016,984799
5.600214242935181,0.006209850311279297,0.406779661016951,1.8189894035458565e-12,0.6309523809523809,0.8015873015873016,984799
5.884004592895508,0.0048444271087646484,0.4927536231886418,1.8189894035458565e-12,0.5119047619047619,0.7936507936507936,984799
5.984846591949463,0.005855560302734375,0.20454545454559958,1.8189894035458565e-12,0.8095238095238095,0.8015873015873016,984799
5.794080972671509,0.00574183464050293,0.15217391304347824,1.8189894035458565e-12,0.8809523809523809,0.8015873015873016,984799
5.949481248855591,0.00539088249206543,0.44444444444444453,1.8189894035458565e-12,0.5833333333333334,0.7936507936507936,984799
5.942283391952515,0.0059015750885009766,0.285714285714286,1.8189894035458565e-12,0.75,0.8015873015873016,984799
5.798731088638306,0.0055599212646484375,0.22222222222226953,1.8189894035458565e-12,0.7976190476190477,0.8015873015873016,984799
4.669577598571777,0.007041215896606445,0.30000000000000004,1.8189894035458565e-12,0.7380952380952381,0.8015873015873016,984799
5.103236675262451,0.008051633834838867,0.16666666666666663,1.8189894035458565e-12,0.8333333333333334,0.7936507936507936,984799
5.050776958465576,0.0074005126953125,0.285714285714286,1.8189894035458565e-12,0.75,0.8015873015873016,984799
5.238620281219482,0.0069904327392578125,0.43548387096774194,1.8189894035458565e-12,0.5952380952380952,0.7936507936507936,984799
5.225882053375244,0.007943153381347656,0.4852941176470588,1.8189894035458565e-12,0.5238095238095238,0.7936507936507936,984799
5.39146876335144,0.004606008529663086,0.18604651162833044,1.8189894035458565e-12,0.8214285714285714,0.7936507936507936,984799
5.407434463500977,0.004472017288208008,0.43548387096774194,1.8189894035458565e-12,0.5952380952380952,0.8015873015873016,984799
5.833179712295532,0.005769252777099609,0.41666666666666696,1.8189894035458565e-12,0.6190476190476191,0.7936507936507936,984799
5.189897298812866,0.00693821907043457,0.20454545454559958,1.8189894035458565e-12,0.8095238095238095,0.7936507936507936,984799
5.534020900726318,0.00526118278503418,0.42622950819672134,1.8189894035458565e-12,0.6071428571428571,0.7936507936507936,984799
5.348121881484985,0.0068700313568115234,0.15555555555555553,1.8189894035458565e-12,0.8690476190476191,0.7936507936507936,984799
5.517329692840576,0.005689859390258789,0.44444444444444453,1.8189894035458565e-12,0.5833333333333334,0.7936507936507936,984799
5.349329948425293,0.006295919418334961,0.30000000000000004,1.8189894035458565e-12,0.7380952380952381,0.8015873015873016,984799
5.473034143447876,0.0060346126556396484,0.30000000000000004,1.8189894035458565e-12,0.7380952380952381,0.7936507936507936,984799
5.249580144882202,0.009877920150756836,0.39655172413794026,1.8189894035458565e-12,0.6428571428571429,0.8015873015873016,579284
5.7238380908966064,0.005402326583862305,0.25531914893617447,1.8189894035458565e-12,0.7738095238095238,0.7936507936507936,579284
5.866239309310913,0.006113290786743164,0.25531914893617447,1.8189894035458565e-12,0.7738095238095238,0.7936507936507936,579284
5.820358037948608,0.004974842071533203,0.36363636363595503,1.8189894035458565e-12,0.6785714285714286,0.8015873015873016,579284
5.662647724151611,0.0051882266998291016,0.4615384615385677,1.8189894035458565e-12,0.5595238095238095,0.8015873015873016,579284
5.753452777862549,0.0048944950103759766,0.44444444444444453,1.8189894035458565e-12,0.5833333333333334,0.7936507936507936,579284
5.187026500701904,0.007152080535888672,0.406779661016951,1.8189894035458565e-12,0.6309523809523809,0.7936507936507936,579284
5.554857969284058,0.00704646110534668,0.4927536231886418,1.8189894035458565e-12,0.5119047619047619,0.7936507936507936,579284
5.393937110900879,0.0070648193359375,0.44444444444444453,1.8189894035458565e-12,0.5833333333333334,0.7936507936507936,579284
5.2922523021698,0.008043766021728516,0.4927536231886418,1.8189894035458565e-12,0.5119047619047619,0.7936507936507936,579284
5.713576316833496,0.005743503570556641,0.36363636363595503,1.8189894035458565e-12,0.6785714285714286,0.8015873015873016,579284
5.725769519805908,0.005528688430786133,0.44444444444444453,1.8189894035458565e-12,0.5833333333333334,0.8015873015873016,579284
5.701555013656616,0.0061092376708984375,0.46969696969697744,1.8189894035458565e-12,0.5476190476190477,0.8015873015873016,579284
5.862101316452026,0.005765676498413086,0.22222222222226953,1.8189894035458565e-12,0.7976190476190477,0.8015873015873016,579284
5.675970077514648,0.005330085754394531,0.2708333333333345,1.8189894035458565e-12,0.7619047619047619,0.8015873015873016,579284
5.579302072525024,0.005758762359619141,0.43548387096774194,1.8189894035458565e-12,0.6071428571428571,0.7936507936507936,579284
5.442402362823486,0.006792545318603516,0.18604651162833044,1.8189894035458565e-12,0.8214285714285714,0.8015873015873016,579284
5.695975065231323,0.004908323287963867,0.41666666666666696,1.8189894035458565e-12,0.6190476190476191,0.8015873015873016,579284
6.256972074508667,0.004858970642089844,0.45312499999989353,1.8189894035458565e-12,0.5714285714285714,0.7936507936507936,579284
5.818792343139648,0.005161285400390625,0.45312499999989353,1.8189894035458565e-12,0.5714285714285714,0.7936507936507936,579284
4.995335340499878,0.005011796951293945,0.20454545454559958,1.8189894035458565e-12,0.8095238095238095,0.7936507936507936,579284
5.0500922203063965,0.005263805389404297,0.4927536231886418,1.8189894035458565e-12,0.5119047619047619,0.8015873015873016,579284
5.535741329193115,0.005419015884399414,0.43548387096774194,1.8189894035458565e-12,0.5952380952380952,0.7936507936507936,579284
5.493288278579712,0.006350517272949219,0.36363636363595503,1.8189894035458565e-12,0.6785714285714286,0.8015873015873016,579284
5.688782215118408,0.0053920745849609375,0.30000000000000004,1.8189894035458565e-12,0.7380952380952381,0.8015873015873016,579284
5.36616325378418,0.0070230960845947266,0.1590909090909091,1.8189894035458565e-12,0.8571428571428571,0.8015873015873016,579284
5.595916032791138,0.005937337875366211,0.44444444444444453,1.8189894035458565e-12,0.5833333333333334,0.8015873015873016,579284
5.681967496871948,0.0051195621490478516,0.36363636363595503,1.8189894035458565e-12,0.6785714285714286,0.8015873015873016,579284
5.497384309768677,0.00664830207824707,0.285714285714286,1.8189894035458565e-12,0.75,0.7936507936507936,579284
5.833262205123901,0.007318735122680664,0.5125,1.8189894035458565e-12,0.47619047619047616,0.7936507936507936,841866
5.902664661407471,0.00611424446105957,0.41791044776119424,1.8189894035458565e-12,0.6309523809523809,0.7936507936507936,841866
5.821216344833374,0.006609678268432617,0.5,1.8189894035458565e-12,0.5,0.7936507936507936,841866
5.157106399536133,0.008678674697875977,0.5185185185185185,1.8189894035458565e-12,0.4642857142857143,0.8095238095238095,841866
6.192168951034546,0.004822254180908203,0.5125,1.8189894035458565e-12,0.47619047619047616,0.8015873015873016,841866
5.819508790969849,0.006426572799682617,0.5125,1.8189894035458565e-12,0.47619047619047616,0.7936507936507936,841866
6.004152774810791,0.005339145660400391,0.5063291139240507,1.8189894035458565e-12,0.4880952380952381,0.7936507936507936,841866
6.113257169723511,0.005310535430908203,0.49350649350660447,1.8189894035458565e-12,0.5119047619047619,0.7936507936507936,841866
5.574359178543091,0.006866931915283203,0.43478260869565216,1.8189894035458565e-12,0.6071428571428571,0.8015873015873016,841866
5.80517053604126,0.0052530765533447266,0.5125,1.8189894035458565e-12,0.47619047619047616,0.7936507936507936,841866
5.903421640396118,0.0062541961669921875,0.5125,1.8189894035458565e-12,0.47619047619047616,0.8015873015873016,841866
5.9501354694366455,0.005423784255981445,0.15217391304347822,1.8189894035458565e-12,0.8809523809523809,0.8015873015873016,841866
5.882301092147827,0.005572795867919922,0.5,1.8189894035458565e-12,0.5,0.7936507936507936,841866
6.188556671142578,0.00539088249206543,0.30357142857142866,1.8189894035458565e-12,0.7738095238095238,0.7936507936507936,841866
5.7941296100616455,0.005788564682006836,0.48000000000000004,1.8189894035458565e-12,0.5357142857142857,0.7857142857142857,841866
6.033961057662964,0.005814075469970703,0.5185185185185185,1.8189894035458565e-12,0.4642857142857143,0.8015873015873016,841866
6.02160906791687,0.005194425582885742,0.47297297297297514,1.8189894035458565e-12,0.5476190476190477,0.8015873015873016,841866
5.973869800567627,0.006745338439941406,0.5,1.8189894035458565e-12,0.5,0.7936507936507936,841866
6.273545265197754,0.004943132400512695,0.5,1.8189894035458565e-12,0.5,0.7936507936507936,841866
5.575321435928345,0.004752635955810547,0.42647058823529416,1.8189894035458565e-12,0.6190476190476191,0.7936507936507936,841866
5.437917709350586,0.00422215461730957,0.5,1.8189894035458565e-12,0.5,0.8015873015873016,841866
5.645704030990601,0.0047228336334228516,0.5185185185185185,1.8189894035458565e-12,0.4642857142857143,0.7936507936507936,841866
5.64516544342041,0.0057337284088134766,0.47297297297297514,1.8189894035458565e-12,0.5476190476190477,0.7936507936507936,841866
5.432371139526367,0.006719350814819336,0.43478260869565216,1.8189894035458565e-12,0.6071428571428571,0.7936507936507936,841866
5.640186548233032,0.006894111633300781,0.48000000000000004,1.8189894035458565e-12,0.5357142857142857,0.8015873015873016,841866
5.571309328079224,0.006641387939453125,0.48000000000000004,1.8189894035458565e-12,0.5357142857142857,0.8015873015873016,841866
5.702851295471191,0.005416393280029297,0.5125,1.8189894035458565e-12,0.47619047619047616,0.8015873015873016,841866
5.488903284072876,0.006307125091552734,0.49350649350660447,1.8189894035458565e-12,0.5119047619047619,0.8015873015873016,841866
5.337406396865845,0.007061004638671875,0.5185185185185185,1.8189894035458565e-12,0.4642857142857143,0.8015873015873016,841866
4.965104103088379,0.0077228546142578125,0.08695652173913043,1.8189894035458565e-12,0.9523809523809523,0.7936507936507936,398248
5.350686550140381,0.00829625129699707,0.3666666666670929,1.8189894035458565e-12,0.6904761904761905,0.8015873015873016,398248
5.895253896713257,0.005528450012207031,0.4242424242424243,1.8189894035458565e-12,0.6190476190476191,0.8015873015873016,398248
5.840495347976685,0.00576019287109375,0.07142857142857428,1.8189894035458565e-12,0.9166666666666666,0.8015873015873016,398248
5.296359300613403,0.00701594352722168,0.3333333333333333,1.8189894035458565e-12,0.7261904761904762,0.7936507936507936,398248
5.429348468780518,0.00726771354675293,0.15555555555555553,1.8189894035458565e-12,0.8690476190476191,0.8015873015873016,398248
5.565072774887085,0.006378889083862305,0.32727272727272727,1.8189894035458565e-12,0.7261904761904762,0.7936507936507936,398248
6.068920612335205,0.005532264709472656,0.3968253968254057,1.8189894035458565e-12,0.6547619047619048,0.7936507936507936,398248
5.810161590576172,0.006569862365722656,0.43076923076923074,1.8189894035458565e-12,0.6190476190476191,0.8015873015873016,398248
5.9230451583862305,0.005275726318359375,0.35593220338983056,1.8189894035458565e-12,0.7023809523809523,0.7936507936507936,398248
6.090153694152832,0.004902839660644531,0.0952380952380953,1.8189894035458565e-12,0.8928571428571429,0.7936507936507936,398248
5.98675799369812,0.0055389404296875,0.30909090909090914,1.8189894035458565e-12,0.75,0.7936507936507936,398248
5.656769752502441,0.006829261779785156,0.2830188679245287,1.8189894035458565e-12,0.7738095238095238,0.8015873015873016,398248
6.062228679656982,0.005703449249267578,0.24000000000001373,1.8189894035458565e-12,0.8095238095238095,0.7936507936507936,398248
5.989047288894653,0.005040645599365234,0.35593220338983056,1.8189894035458565e-12,0.7023809523809523,0.7936507936507936,398248
6.147840738296509,0.005379199981689453,0.22448979591840798,1.8189894035458565e-12,0.8214285714285714,0.7936507936507936,398248
6.039067506790161,0.005511760711669922,0.24000000000001373,1.8189894035458565e-12,0.8095238095238095,0.8015873015873016,398248
5.829801082611084,0.005605459213256836,0.08888888888888889,1.8189894035458565e-12,0.9404761904761905,0.8015873015873016,398248
5.099924802780151,0.007547616958618164,0.3333333333333333,1.8189894035458565e-12,0.7261904761904762,0.8015873015873016,398248
5.368776321411133,0.01082301139831543,0.3448275862068965,1.8189894035458565e-12,0.7142857142857143,0.8015873015873016,398248
5.429077863693237,0.004381895065307617,0.41538461538461574,1.8189894035458565e-12,0.6309523809523809,0.8015873015873016,398248
5.403231382369995,0.004488229751586914,0.2083333333334484,1.8189894035458565e-12,0.8333333333333334,0.8015873015873016,398248
5.680220127105713,0.006119489669799805,0.2083333333334484,1.8189894035458565e-12,0.8333333333333334,0.8015873015873016,398248
5.6776463985443115,0.005339384078979492,0.10869565217391303,1.8189894035458565e-12,0.9285714285714286,0.8015873015873016,398248
5.8780317306518555,0.005822181701660156,0.15909090909090906,1.8189894035458565e-12,0.8571428571428571,0.7857142857142857,398248
5.862676382064819,0.005128383636474609,0.17391304347807487,1.8189894035458565e-12,0.8571428571428571,0.8015873015873016,398248
5.528642416000366,0.007040739059448242,0.2549019607843182,1.8189894035458565e-12,0.7976190476190477,0.7936507936507936,398248
5.60114598274231,0.005900382995605469,0.2909090909090912,1.8189894035458565e-12,0.7738095238095238,0.7936507936507936,398248
5.581131458282471,0.006661176681518555,0.41538461538461574,1.8189894035458565e-12,0.6309523809523809,0.7936507936507936,398248
5.474139928817749,0.008104324340820312,0.3333333333333333,1.8189894035458565e-12,0.6785714285714286,0.8015873015873016,872895
6.009787082672119,0.005242586135864258,0.24489795918367346,1.8189894035458565e-12,0.7976190476190477,0.8015873015873016,872895
5.4236767292022705,0.007586002349853516,0.3095238095238096,1.8189894035458565e-12,0.6904761904761905,0.7936507936507936,872895
5.981508016586304,0.007083415985107422,0.44230769230769224,1.8189894035458565e-12,0.5714285714285714,0.8015873015873016,872895
5.413170337677002,0.009923458099365234,0.4000000000000054,1.8189894035458565e-12,0.6190476190476191,0.8015873015873016,872895
5.8514299392700195,0.005724668502807617,0.285714285714286,1.8189894035458565e-12,0.7023809523809523,0.8015873015873016,872895
5.83460545539856,0.005737781524658203,0.532258064516129,1.8189894035458565e-12,0.4523809523809524,0.8015873015873016,872895
5.98084020614624,0.0055370330810546875,0.3555555555555556,1.8189894035458565e-12,0.6547619047619048,0.7936507936507936,872895
5.966111660003662,0.005097389221191406,0.5084745762711864,1.8189894035458565e-12,0.4880952380952381,0.7936507936507936,872895
5.92220664024353,0.004999876022338867,0.24,1.8189894035458565e-12,0.8095238095238095,0.8015873015873016,872895
5.524115800857544,0.007383584976196289,0.2352941176470588,1.8189894035458565e-12,0.8214285714285714,0.7936507936507936,872895
5.646968126296997,0.0057528018951416016,0.5081967213114754,1.8189894035458565e-12,0.4880952380952381,0.8015873015873016,872895
5.781633138656616,0.005238056182861328,0.285714285714286,1.8189894035458565e-12,0.7142857142857143,0.8015873015873016,872895
5.764688491821289,0.005777597427368164,0.24,1.8189894035458565e-12,0.8095238095238095,0.8015873015873016,872895
5.738554000854492,0.005434513092041016,0.34782608695652173,1.8189894035458565e-12,0.6666666666666666,0.7936507936507936,872895
5.725325345993042,0.006016254425048828,0.27906976744186046,1.8189894035458565e-12,0.7261904761904762,0.8015873015873016,872895
5.236868858337402,0.005804300308227539,0.53125,1.8189894035458565e-12,0.4523809523809524,0.7936507936507936,872895
5.174698352813721,0.007824182510375977,0.4827586206896552,1.8189894035458565e-12,0.5238095238095238,0.8015873015873016,872895
5.605801105499268,0.0045087337493896484,0.5238095238095238,1.8189894035458565e-12,0.4642857142857143,0.8015873015873016,872895
5.575569152832031,0.004793405532836914,0.2608695652173913,1.8189894035458565e-12,0.7619047619047619,0.8095238095238095,872895
5.377865552902222,0.004820346832275391,0.4642857142857615,1.8189894035458565e-12,0.5476190476190477,0.7936507936507936,872895
5.477482795715332,0.004322528839111328,0.5161290322580645,1.8189894035458565e-12,0.47619047619047616,0.8015873015873016,872895
5.582184791564941,0.005769491195678711,0.4230769230769232,1.8189894035458565e-12,0.5952380952380952,0.8015873015873016,872895
5.789100408554077,0.005377531051635742,0.5238095238095238,1.8189894035458565e-12,0.4523809523809524,0.7936507936507936,872895
5.582368850708008,0.006846904754638672,0.23076923076923075,1.8189894035458565e-12,0.8333333333333334,0.7936507936507936,872895
5.300954103469849,0.006440401077270508,0.5384615384615384,1.8189894035458565e-12,0.44047619047619047,0.7936507936507936,872895
5.696983814239502,0.005448341369628906,0.4821428571428571,1.8189894035458565e-12,0.5238095238095238,0.8015873015873016,872895
5.316273927688599,0.006700277328491211,0.36170212765929993,1.8189894035458565e-12,0.6547619047619048,0.7936507936507936,872895
5.470767498016357,0.006249904632568359,0.27272727272727276,1.8189894035458565e-12,0.7380952380952381,0.7936507936507936,872895
5.702459812164307,0.007213592529296875,0.24444444444444446,1.8189894035458565e-12,0.7738095238095238,0.8015873015873016,501973
5.469360113143921,0.007474184036254883,0.5571428571428572,1.8189894035458565e-12,0.40476190476190477,0.7936507936507936,501973
5.863183259963989,0.0058841705322265625,0.22916666666666669,1.8189894035458565e-12,0.8095238095238095,0.7936507936507936,501973
5.779643297195435,0.006646871566772461,0.4833333333333334,1.8189894035458565e-12,0.5238095238095238,0.7936507936507936,501973
6.0474464893341064,0.006173849105834961,0.515625,1.8189894035458565e-12,0.47619047619047616,0.7936507936507936,501973
5.8420116901397705,0.0058100223541259766,0.4915254237285044,1.8189894035458565e-12,0.5119047619047619,0.8015873015873016,501973
5.785180330276489,0.00592494010925293,0.49180327868807433,1.8189894035458565e-12,0.5,0.8015873015873016,501973
5.869312047958374,0.0056819915771484375,0.5753424657534247,1.8189894035458565e-12,0.36904761904761907,0.7936507936507936,501973
5.7459423542022705,0.005540132522583008,0.44642857142857145,1.8189894035458565e-12,0.5714285714285714,0.8015873015873016,501973
6.147728443145752,0.005593776702880859,0.24444444444444446,1.8189894035458565e-12,0.7738095238095238,0.7936507936507936,501973
5.699782848358154,0.006337165832519531,0.49180327868807433,1.8189894035458565e-12,0.5119047619047619,0.7936507936507936,501973
5.919461965560913,0.006101369857788086,0.4745762711864418,1.8189894035458565e-12,0.5357142857142857,0.8015873015873016,501973
5.8976521492004395,0.005917787551879883,0.5441176470588236,1.8189894035458565e-12,0.42857142857142855,0.7936507936507936,501973
5.973228216171265,0.005287885665893555,0.5,1.8189894035458565e-12,0.5,0.7936507936507936,501973
4.836179971694946,0.01640033721923828,0.3111111111111111,1.8189894035458565e-12,0.7023809523809523,0.7936507936507936,501973
4.908028841018677,0.007270097732543945,0.45454545454509776,1.8189894035458565e-12,0.5595238095238095,0.7936507936507936,501973
5.07035493850708,0.005973100662231445,0.24489795918367346,1.8189894035458565e-12,0.7976190476190477,0.7936507936507936,501973
5.6039018630981445,0.004521369934082031,0.4833333333333334,1.8189894035458565e-12,0.5238095238095238,0.7936507936507936,501973
5.540005445480347,0.00418853759765625,0.5571428571428572,1.8189894035458565e-12,0.40476190476190477,0.8015873015873016,501973
5.626263380050659,0.004326581954956055,0.4833333333333334,1.8189894035458565e-12,0.5238095238095238,0.8015873015873016,501973
5.499194860458374,0.00446772575378418,0.279069767441861,1.8189894035458565e-12,0.7261904761904762,0.8015873015873016,501973
5.708406925201416,0.005019664764404297,0.5081967213114754,1.8189894035458565e-12,0.5,0.8015873015873016,501973
5.70107102394104,0.005503416061401367,0.25,1.8189894035458565e-12,0.75,0.7936507936507936,501973
5.293560028076172,0.006145477294921875,0.5079365079365079,1.8189894035458565e-12,0.4880952380952381,0.7936507936507936,501973
5.647332668304443,0.0057141780853271484,0.4642857142857615,1.8189894035458565e-12,0.5476190476190477,0.7936507936507936,501973
5.642654657363892,0.006356000900268555,0.5,1.8189894035458565e-12,0.5,0.8015873015873016,501973
5.507648706436157,0.006797075271606445,0.32608695652173914,1.8189894035458565e-12,0.6904761904761905,0.8015873015873016,501973
5.101611137390137,0.007879257202148438,0.5522388059701493,1.8189894035458565e-12,0.4166666666666667,0.7936507936507936,501973
5.708228588104248,0.005787372589111328,0.5633802816901409,1.8189894035458565e-12,0.39285714285714285,0.7936507936507936,501973
4.832789182662964,0.009078025817871094,0.31818181818181823,1.8189894035458565e-12,0.6904761904761905,0.8015873015873016,990622
5.440060377120972,0.007127523422241211,0.4642857142857615,1.8189894035458565e-12,0.5476190476190477,0.8015873015873016,990622
5.6062963008880615,0.007033586502075195,0.3750000000001645,1.8189894035458565e-12,0.6428571428571429,0.7936507936507936,990622
5.681781053543091,0.00697636604309082,0.3750000000001645,1.8189894035458565e-12,0.6428571428571429,0.8015873015873016,990622
5.867660045623779,0.005764961242675781,0.4827586206896552,1.8189894035458565e-12,0.5238095238095238,0.8015873015873016,990622
5.533248424530029,0.008451223373413086,0.53125,1.8189894035458565e-12,0.4523809523809524,0.7936507936507936,990622
5.971972465515137,0.006613016128540039,0.4000000000000054,1.8189894035458565e-12,0.6190476190476191,0.8015873015873016,990622
5.897716283798218,0.006652116775512695,0.4642857142857615,1.8189894035458565e-12,0.5476190476190477,0.7936507936507936,990622
5.935914039611816,0.005911588668823242,0.53125,1.8189894035458565e-12,0.4523809523809524,0.7936507936507936,990622
6.108651876449585,0.005097866058349609,0.5238095238095238,1.8189894035458565e-12,0.4642857142857143,0.8015873015873016,990622
5.697901487350464,0.006184816360473633,0.30232558139534893,1.8189894035458565e-12,0.7023809523809523,0.7936507936507936,990622
5.88702130317688,0.006267547607421875,0.4117647058823537,1.8189894035458565e-12,0.6071428571428571,0.8015873015873016,990622
6.022176504135132,0.005669593811035156,0.2352941176470588,1.8189894035458565e-12,0.8214285714285714,0.8015873015873016,990622
5.98114013671875,0.0070743560791015625,0.5081967213114754,1.8189894035458565e-12,0.4880952380952381,0.8015873015873016,990622
6.068300008773804,0.005314350128173828,0.53125,1.8189894035458565e-12,0.4523809523809524,0.7936507936507936,990622
4.28528904914856,0.009051799774169922,0.34782608695652173,1.8189894035458565e-12,0.6666666666666666,0.7936507936507936,990622
4.955739736557007,0.007277488708496094,0.44444444444444453,1.8189894035458565e-12,0.5714285714285714,0.8015873015873016,990622
5.635415554046631,0.005116462707519531,0.4827586206896552,1.8189894035458565e-12,0.5238095238095238,0.8015873015873016,990622
5.597070693969727,0.005201101303100586,0.27906976744186046,1.8189894035458565e-12,0.7261904761904762,0.8015873015873016,990622
5.574888229370117,0.004417896270751953,0.4117647058823537,1.8189894035458565e-12,0.6071428571428571,0.8015873015873016,990622
5.472164154052734,0.004302024841308594,0.4339622641509434,1.8189894035458565e-12,0.5833333333333334,0.7936507936507936,990622
5.701813220977783,0.0047664642333984375,0.27906976744186046,1.8189894035458565e-12,0.7261904761904762,0.7936507936507936,990622
6.032135963439941,0.0058786869049072266,0.53125,1.8189894035458565e-12,0.4523809523809524,0.8015873015873016,990622
5.470369577407837,0.00722956657409668,0.26666666666666666,1.8189894035458565e-12,0.75,0.8015873015873016,990622
5.787943124771118,0.00638580322265625,0.4642857142857615,1.8189894035458565e-12,0.5476190476190477,0.7936507936507936,990622
5.876254081726074,0.005980014801025391,0.34782608695652173,1.8189894035458565e-12,0.6666666666666666,0.8015873015873016,990622
5.522105932235718,0.005661725997924805,0.4642857142857615,1.8189894035458565e-12,0.5476190476190477,0.8015873015873016,990622
5.56000542640686,0.00628662109375,0.4230769230769232,1.8189894035458565e-12,0.5952380952380952,0.7936507936507936,990622
5.742600679397583,0.006325483322143555,0.5588235294117647,1.8189894035458565e-12,0.40476190476190477,0.8015873015873016,990622
4.737460374832153,0.008948326110839844,0.2600000000000029,1.8189894035458565e-12,0.7857142857142857,0.8015873015873016,785899
5.8623998165130615,0.00601959228515625,0.2291666666666963,1.8189894035458565e-12,0.8095238095238095,0.7936507936507936,785899
5.787675619125366,0.006400346755981445,0.2291666666666963,1.8189894035458565e-12,0.8095238095238095,0.8015873015873016,785899
5.935760498046875,0.006078958511352539,0.40322580645161615,1.8189894035458565e-12,0.6428571428571429,0.7936507936507936,785899
5.639498472213745,0.006215333938598633,0.24489795918368304,1.8189894035458565e-12,0.7976190476190477,0.8015873015873016,785899
5.973795175552368,0.00510096549987793,0.33928571428571425,1.8189894035458565e-12,0.7142857142857143,0.8015873015873016,785899
5.93472695350647,0.0054590702056884766,0.28846153846153866,1.8189894035458565e-12,0.7619047619047619,0.7936507936507936,785899
5.836735725402832,0.011141538619995117,0.21276595744689578,1.8189894035458565e-12,0.8214285714285714,0.8015873015873016,785899
5.95778489112854,0.00513911247253418,0.3833333333333918,1.8189894035458565e-12,0.6666666666666666,0.7936507936507936,785899
5.798169374465942,0.005834817886352539,0.3833333333333918,1.8189894035458565e-12,0.6666666666666666,0.8015873015873016,785899
5.774518013000488,0.005567789077758789,0.19565217391328926,1.8189894035458565e-12,0.8333333333333334,0.7936507936507936,785899
5.937212705612183,0.0057756900787353516,0.32727272727272727,1.8189894035458565e-12,0.7261904761904762,0.8015873015873016,785899
5.707624197006226,0.0057294368743896484,0.1395348837209303,1.8189894035458565e-12,0.8690476190476191,0.8015873015873016,785899
5.884865999221802,0.005803346633911133,0.41269841269841334,1.8189894035458565e-12,0.6309523809523809,0.8015873015873016,785899
4.975364685058594,0.005678415298461914,0.4714285714285754,1.8189894035458565e-12,0.5476190476190477,0.8015873015873016,785899
4.604850769042969,0.007627725601196289,0.28846153846153866,1.8189894035458565e-12,0.7619047619047619,0.8015873015873016,785899
5.167210102081299,0.006714820861816406,0.28846153846153866,1.8189894035458565e-12,0.7619047619047619,0.7936507936507936,785899
4.925144672393799,0.012486696243286133,0.30188679245283023,1.8189894035458565e-12,0.75,0.7936507936507936,785899
5.615573167800903,0.004626035690307617,0.2600000000000029,1.8189894035458565e-12,0.7857142857142857,0.8015873015873016,785899
5.452674627304077,0.0048563480377197266,0.24489795918368304,1.8189894035458565e-12,0.7976190476190477,0.8015873015873016,785899
5.385132789611816,0.004607677459716797,0.47887323943661986,1.8189894035458565e-12,0.5357142857142857,0.8015873015873016,785899
5.634053707122803,0.004869222640991211,0.28846153846153866,1.8189894035458565e-12,0.7619047619047619,0.8015873015873016,785899
5.239184856414795,0.0072481632232666016,0.27450980392156954,1.8189894035458565e-12,0.7738095238095238,0.7936507936507936,785899
5.34600830078125,0.006339311599731445,0.11904761904761907,1.8189894035458565e-12,0.8809523809523809,0.8015873015873016,785899
5.344034194946289,0.005836963653564453,0.11904761904761907,1.8189894035458565e-12,0.8809523809523809,0.8015873015873016,785899
5.918939590454102,0.005896329879760742,0.3620689655169395,1.8189894035458565e-12,0.6904761904761905,0.8015873015873016,785899
5.232198715209961,0.006694316864013672,0.3833333333333918,1.8189894035458565e-12,0.6666666666666666,0.8015873015873016,785899
5.356034755706787,0.007020235061645508,0.17777777777744141,1.8189894035458565e-12,0.8452380952380952,0.7936507936507936,785899
5.653719425201416,0.006972551345825195,0.3508771929824561,1.8189894035458565e-12,0.7023809523809523,0.8015873015873016,785899
4.759357929229736,0.008068084716796875,0.3333333333333333,1.8189894035458565e-12,0.7380952380952381,0.8015873015873016,720193
5.781176328659058,0.0059735774993896484,0.3103448275862069,1.8189894035458565e-12,0.7619047619047619,0.8015873015873016,720193
5.716479301452637,0.006967782974243164,0.3750000000001645,1.8189894035458565e-12,0.6904761904761905,0.8015873015873016,720193
5.638566732406616,0.0064814090728759766,0.4736842105263174,1.8189894035458565e-12,0.5476190476190477,0.8015873015873016,720193
5.624326467514038,0.006012439727783203,0.2592592592592624,1.8189894035458565e-12,0.8095238095238095,0.8015873015873016,720193
5.57356595993042,0.006403923034667969,0.4594594594596473,1.8189894035458565e-12,0.5714285714285714,0.7936507936507936,720193
5.59621524810791,0.0069692134857177734,0.3103448275862069,1.8189894035458565e-12,0.7619047619047619,0.7936507936507936,720193
5.561074256896973,0.006116628646850586,0.4285714285714286,1.8189894035458565e-12,0.6190476190476191,0.7936507936507936,720193
5.84320855140686,0.006267547607421875,0.3103448275862069,1.8189894035458565e-12,0.7619047619047619,0.7936507936507936,720193
4.637195587158203,0.0076122283935546875,0.38461538461543404,1.8189894035458565e-12,0.6785714285714286,0.8015873015873016,720193
4.6564741134643555,0.007739543914794922,0.27272727272727365,1.8189894035458565e-12,0.7976190476190477,0.7936507936507936,720193
4.956606388092041,0.0060749053955078125,0.3220338983050847,1.8189894035458565e-12,0.75,0.8015873015873016,720193
4.934565544128418,0.006427288055419922,0.27272727272727365,1.8189894035458565e-12,0.7976190476190477,0.8015873015873016,720193
4.741255283355713,0.007944107055664062,0.4520547945205479,1.8189894035458565e-12,0.5833333333333334,0.8015873015873016,720193
5.485212087631226,0.005019187927246094,0.4444444444444445,1.8189894035458565e-12,0.5952380952380952,0.8015873015873016,720193
5.409075975418091,0.004770755767822266,0.3548387096774193,1.8189894035458565e-12,0.7142857142857143,0.7936507936507936,720193
5.527491092681885,0.0049860477447509766,0.49367088607604237,1.8189894035458565e-12,0.5119047619047619,0.7936507936507936,720193
5.476914405822754,0.004594564437866211,0.4117647058823537,1.8189894035458565e-12,0.6428571428571429,0.8015873015873016,720193
5.542767286300659,0.004736661911010742,0.4520547945205479,1.8189894035458565e-12,0.5833333333333334,0.7936507936507936,720193
5.4723219871521,0.004436969757080078,0.29824561403508776,1.8189894035458565e-12,0.7738095238095238,0.8015873015873016,720193
5.339462995529175,0.005541086196899414,0.43661971830985913,1.8189894035458565e-12,0.6071428571428571,0.7936507936507936,720193
5.36148476600647,0.004703044891357422,0.43661971830985913,1.8189894035458565e-12,0.6071428571428571,0.8015873015873016,720193
5.517477512359619,0.005881547927856445,0.3333333333333333,1.8189894035458565e-12,0.7380952380952381,0.8015873015873016,720193
5.172605991363525,0.0060749053955078125,0.3750000000001645,1.8189894035458565e-12,0.6904761904761905,0.7936507936507936,720193
5.236193418502808,0.006528615951538086,0.14893617021276592,1.8189894035458565e-12,0.8928571428571429,0.8015873015873016,720193
5.473462343215942,0.006060600280761719,0.48051948051948057,1.8189894035458565e-12,0.5357142857142857,0.7936507936507936,720193
5.864484071731567,0.006636619567871094,0.3220338983050847,1.8189894035458565e-12,0.75,0.7936507936507936,720193
5.390051364898682,0.005761861801147461,0.21568627450987635,1.8189894035458565e-12,0.8452380952380952,0.8015873015873016,720193
5.635855436325073,0.006317138671875,0.48051948051948057,1.8189894035458565e-12,0.5357142857142857,0.8015873015873016,720193
4.507132053375244,0.008537530899047852,0.34,1.8189894035458565e-12,0.6904761904761905,0.8015873015873016,261313
5.381141662597656,0.0061452388763427734,0.34,1.8189894035458565e-12,0.6904761904761905,0.7936507936507936,261313
5.780585765838623,0.006787300109863281,0.46774193548388643,1.8189894035458565e-12,0.5476190476190477,0.8015873015873016,261313
5.741996765136719,0.006140232086181641,0.4107142857142866,1.8189894035458565e-12,0.6190476190476191,0.7936507936507936,261313
5.496401786804199,0.006251811981201172,0.484375,1.8189894035458565e-12,0.5238095238095238,0.7936507936507936,261313
5.605486154556274,0.0059854984283447266,0.5352112676056338,1.8189894035458565e-12,0.44047619047619047,0.7936507936507936,261313
5.954812288284302,0.006690025329589844,0.4590163934428342,1.8189894035458565e-12,0.5595238095238095,0.7936507936507936,261313
5.619318962097168,0.007990360260009766,0.5147058823529411,1.8189894035458565e-12,0.47619047619047616,0.8015873015873016,261313
5.7799131870269775,0.0062618255615234375,0.4590163934428342,1.8189894035458565e-12,0.5595238095238095,0.7936507936507936,261313
4.466256380081177,0.0072672367095947266,0.45,1.8189894035458565e-12,0.5714285714285714,0.8015873015873016,261313
4.5032501220703125,0.007608652114868164,0.484375,1.8189894035458565e-12,0.5238095238095238,0.7936507936507936,261313
4.681187629699707,0.00635218620300293,0.47619047619047666,1.8189894035458565e-12,0.5357142857142857,0.7936507936507936,261313
4.878432989120483,0.007698774337768555,0.20930232558139533,1.8189894035458565e-12,0.7976190476190477,0.7936507936507936,261313
4.708041191101074,0.006033658981323242,0.49230769230804805,1.8189894035458565e-12,0.5119047619047619,0.7936507936507936,261313
5.345139265060425,0.00461125373840332,0.49230769230804805,1.8189894035458565e-12,0.5119047619047619,0.7936507936507936,261313
5.3838889598846436,0.005059719085693359,0.21428571428579346,1.8189894035458565e-12,0.7857142857142857,0.7936507936507936,261313
5.4437901973724365,0.005180835723876953,0.42105263157894746,1.8189894035458565e-12,0.6071428571428571,0.8015873015873016,261313
5.388373136520386,0.004545688629150391,0.5147058823529411,1.8189894035458565e-12,0.47619047619047616,0.8015873015873016,261313
5.485219717025757,0.004952907562255859,0.4107142857142866,1.8189894035458565e-12,0.6190476190476191,0.8015873015873016,261313
5.537049770355225,0.004859209060668945,0.3125,1.8189894035458565e-12,0.7142857142857143,0.8095238095238095,261313
5.234320640563965,0.004847526550292969,0.46774193548388643,1.8189894035458565e-12,0.5476190476190477,0.7936507936507936,261313
5.351045608520508,0.005039215087890625,0.47619047619047666,1.8189894035458565e-12,0.5357142857142857,0.7936507936507936,261313
5.300371885299683,0.006373405456542969,0.32653061224489793,1.8189894035458565e-12,0.7023809523809523,0.7936507936507936,261313
4.921095609664917,0.00677490234375,0.4310344827586208,1.8189894035458565e-12,0.5952380952380952,0.7936507936507936,261313
5.214001893997192,0.005781888961791992,0.3529411764705882,1.8189894035458565e-12,0.6785714285714286,0.8015873015873016,261313
5.043560743331909,0.006895303726196289,0.47619047619047666,1.8189894035458565e-12,0.5357142857142857,0.7936507936507936,261313
5.084564685821533,0.006232500076293945,0.4000000000000054,1.8189894035458565e-12,0.6309523809523809,0.8015873015873016,261313
5.118498086929321,0.0068819522857666016,0.3653846153851055,1.8189894035458565e-12,0.6666666666666666,0.7936507936507936,261313
5.349175930023193,0.006116390228271484,0.5147058823529411,1.8189894035458565e-12,0.47619047619047616,0.8015873015873016,261313
4.3547279834747314,0.007868528366088867,0.22000000000005476,1.8189894035458565e-12,0.8333333333333334,0.7936507936507936,538363
5.078956842422485,0.00659942626953125,0.30357142857142866,1.8189894035458565e-12,0.7619047619047619,0.7936507936507936,538363
5.496514320373535,0.006120204925537109,0.2909090909090912,1.8189894035458565e-12,0.7738095238095238,0.7936507936507936,538363
5.726135730743408,0.006695270538330078,0.23529411764707805,1.8189894035458565e-12,0.8214285714285714,0.7857142857142857,538363
5.88428258895874,0.00752568244934082,0.3809523809524602,1.8189894035458565e-12,0.6785714285714286,0.8015873015873016,538363
5.947504281997681,0.007850408554077148,0.3275862068965517,1.8189894035458565e-12,0.7380952380952381,0.8015873015873016,538363
5.876167297363281,0.0076694488525390625,0.41791044776119424,1.8189894035458565e-12,0.6309523809523809,0.8015873015873016,538363
5.509740352630615,0.006805896759033203,0.4868421052631579,1.8189894035458565e-12,0.5238095238095238,0.7936507936507936,538363
6.004435777664185,0.00693058967590332,0.45070422535211263,1.8189894035458565e-12,0.5833333333333334,0.7936507936507936,538363
4.866485834121704,0.008244037628173828,0.30357142857142866,1.8189894035458565e-12,0.7619047619047619,0.8015873015873016,538363
4.693210124969482,0.00671839714050293,0.42647058823529416,1.8189894035458565e-12,0.6190476190476191,0.8015873015873016,538363
4.652437448501587,0.00774836540222168,0.40909090909091034,1.8189894035458565e-12,0.6428571428571429,0.7857142857142857,538363
4.885177135467529,0.0072021484375,0.33898305084745756,1.8189894035458565e-12,0.7261904761904762,0.8015873015873016,538363
5.380566120147705,0.004320859909057617,0.45833333333358595,1.8189894035458565e-12,0.5714285714285714,0.8015873015873016,538363
5.281796932220459,0.004301309585571289,0.40000000000000546,1.8189894035458565e-12,0.6547619047619048,0.7936507936507936,538363
5.424215793609619,0.00536036491394043,0.22000000000005476,1.8189894035458565e-12,0.8333333333333334,0.8015873015873016,538363
5.44815731048584,0.004446506500244141,0.35,1.8189894035458565e-12,0.7142857142857143,0.7936507936507936,538363
5.528295993804932,0.00513005256652832,0.45833333333358595,1.8189894035458565e-12,0.5714285714285714,0.7936507936507936,538363
5.539488792419434,0.004992485046386719,0.45833333333358595,1.8189894035458565e-12,0.5714285714285714,0.8015873015873016,538363
5.3976991176605225,0.004791736602783203,0.33898305084745756,1.8189894035458565e-12,0.7261904761904762,0.7936507936507936,538363
5.653137922286987,0.005507946014404297,0.4428571428571428,1.8189894035458565e-12,0.5952380952380952,0.8015873015873016,538363
5.433486700057983,0.00453948974609375,0.41791044776119424,1.8189894035458565e-12,0.6309523809523809,0.7936507936507936,538363
5.843221187591553,0.006285429000854492,0.2641509433962285,1.8189894035458565e-12,0.7976190476190477,0.7936507936507936,538363
5.208227157592773,0.00560450553894043,0.45070422535211263,1.8189894035458565e-12,0.5833333333333334,0.8015873015873016,538363
5.053909778594971,0.00583195686340332,0.1875000000003907,1.8189894035458565e-12,0.8571428571428571,0.8015873015873016,538363
5.04616117477417,0.00609135627746582,0.3809523809524602,1.8189894035458565e-12,0.6785714285714286,0.7936507936507936,538363
5.058674335479736,0.006214618682861328,0.4428571428571428,1.8189894035458565e-12,0.5952380952380952,0.8015873015873016,538363
4.876851797103882,0.006700277328491211,0.3275862068965517,1.8189894035458565e-12,0.7380952380952381,0.8015873015873016,538363
4.956793308258057,0.006602048873901367,0.45833333333358595,1.8189894035458565e-12,0.5714285714285714,0.8015873015873016,538363
4.5675294399261475,0.007604360580444336,0.2500000000000064,1.8189894035458565e-12,0.7857142857142857,0.7936507936507936,257279
5.813525438308716,0.005959987640380859,0.32075471698113206,1.8189894035458565e-12,0.7261904761904762,0.8015873015873016,257279
5.643301010131836,0.006326436996459961,0.4461538461538462,1.8189894035458565e-12,0.5833333333333334,0.7936507936507936,257279
5.695220232009888,0.005900144577026367,0.20000000000019041,1.8189894035458565e-12,0.8214285714285714,0.8015873015873016,257279
5.952627897262573,0.005449056625366211,0.47058823529412314,1.8189894035458565e-12,0.5476190476190477,0.8015873015873016,257279
5.8554511070251465,0.005770206451416016,0.5324675324675324,1.8189894035458565e-12,0.44047619047619047,0.8015873015873016,257279
6.006954669952393,0.005684614181518555,0.5068493150684932,1.8189894035458565e-12,0.4880952380952381,0.8015873015873016,257279
4.9441423416137695,0.006270170211791992,0.52,1.8189894035458565e-12,0.4642857142857143,0.8015873015873016,257279
5.1349194049835205,0.012094259262084961,0.5068493150684932,1.8189894035458565e-12,0.4880952380952381,0.8015873015873016,257279
4.937429428100586,0.0069277286529541016,0.3898305084746006,1.8189894035458565e-12,0.6547619047619048,0.7936507936507936,257279
4.974047422409058,0.006780147552490234,0.4626865671642554,1.8189894035458565e-12,0.5595238095238095,0.8015873015873016,257279
4.999949216842651,0.0062007904052734375,0.5135135135135135,1.8189894035458565e-12,0.47619047619047616,0.8015873015873016,257279
5.1248016357421875,0.014034271240234375,0.4545454545450978,1.8189894035458565e-12,0.5714285714285714,0.8015873015873016,257279
5.021531581878662,0.006948709487915039,0.4782608695652176,1.8189894035458565e-12,0.5357142857142857,0.7936507936507936,257279
5.092584609985352,0.006881237030029297,0.4545454545450978,1.8189894035458565e-12,0.5714285714285714,0.7936507936507936,257279
5.35616660118103,0.004944801330566406,0.13953488372093023,1.8189894035458565e-12,0.8690476190476191,0.7936507936507936,257279
5.295363664627075,0.004918575286865234,0.14285714285714288,1.8189894035458565e-12,0.8571428571428571,0.8015873015873016,257279
5.413175821304321,0.004297971725463867,0.5068493150684932,1.8189894035458565e-12,0.4880952380952381,0.8015873015873016,257279
5.307568073272705,0.004092216491699219,0.52,1.8189894035458565e-12,0.4642857142857143,0.7936507936507936,257279
5.328826189041138,0.004699230194091797,0.33333333333333337,1.8189894035458565e-12,0.7142857142857143,0.8015873015873016,257279
5.387258529663086,0.004929304122924805,0.4545454545450978,1.8189894035458565e-12,0.5714285714285714,0.8015873015873016,257279
5.440797805786133,0.0049288272857666016,0.4461538461538462,1.8189894035458565e-12,0.5833333333333334,0.7936507936507936,257279
5.6122682094573975,0.007222890853881836,0.23404255319151032,1.8189894035458565e-12,0.7976190476190477,0.8015873015873016,257279
5.2103517055511475,0.0067691802978515625,0.4857142857142857,1.8189894035458565e-12,0.5238095238095238,0.8015873015873016,257279
5.215890169143677,0.006548404693603516,0.2800000000000005,1.8189894035458565e-12,0.7619047619047619,0.7936507936507936,257279
5.225769519805908,0.005682706832885742,0.5068493150684932,1.8189894035458565e-12,0.4880952380952381,0.7936507936507936,257279
5.349238157272339,0.005509614944458008,0.5,1.8189894035458565e-12,0.5,0.7936507936507936,257279
5.394789695739746,0.00715184211730957,0.40983606557377156,1.8189894035458565e-12,0.6309523809523809,0.7936507936507936,257279
5.096495151519775,0.006006956100463867,0.49295774647906715,1.8189894035458565e-12,0.5119047619047619,0.7936507936507936,257279
4.681784391403198,0.007816791534423828,0.297872340425532,1.8189894035458565e-12,0.7261904761904762,0.8015873015873016,893255
5.3426244258880615,0.0055959224700927734,0.23255813953490714,1.8189894035458565e-12,0.7738095238095238,0.8015873015873016,893255
5.672521591186523,0.005620718002319336,0.2826086956521744,1.8189894035458565e-12,0.7380952380952381,0.8015873015873016,893255
5.7557313442230225,0.005902528762817383,0.19565217391304346,1.8189894035458565e-12,0.8333333333333334,0.7936507936507936,893255
5.248881578445435,0.006728649139404297,0.32653061224489793,1.8189894035458565e-12,0.7023809523809523,0.7936507936507936,893255
5.3611695766448975,0.00636601448059082,0.3125,1.8189894035458565e-12,0.7142857142857143,0.8015873015873016,893255
5.067433595657349,0.005745887756347656,0.38888888888891665,1.8189894035458565e-12,0.6428571428571429,0.7936507936507936,893255
4.914239168167114,0.005967140197753906,0.4590163934428342,1.8189894035458565e-12,0.5595238095238095,0.8015873015873016,893255
4.903819561004639,0.005965471267700195,0.5,1.8189894035458565e-12,0.5,0.8015873015873016,893255
4.9756410121917725,0.006784915924072266,0.2045454545454545,1.8189894035458565e-12,0.8095238095238095,0.7936507936507936,893255
4.9203503131866455,0.006272792816162109,0.38888888888891665,1.8189894035458565e-12,0.6428571428571429,0.7936507936507936,893255
4.887543439865112,0.0074787139892578125,0.4000000000000054,1.8189894035458565e-12,0.6309523809523809,0.8015873015873016,893255
4.965511083602905,0.007478952407836914,0.3529411764705882,1.8189894035458565e-12,0.6785714285714286,0.7936507936507936,893255
5.015538454055786,0.005945444107055664,0.2500000000000064,1.8189894035458565e-12,0.7619047619047619,0.7936507936507936,893255
5.44270396232605,0.004730939865112305,0.26666666666666833,1.8189894035458565e-12,0.75,0.8015873015873016,893255
5.258183479309082,0.005047321319580078,0.18367346938775508,1.8189894035458565e-12,0.8690476190476191,0.7936507936507936,893255
5.33769679069519,0.004686117172241211,0.297872340425532,1.8189894035458565e-12,0.7261904761904762,0.8015873015873016,893255
5.253841161727905,0.004729032516479492,0.47619047619047666,1.8189894035458565e-12,0.5357142857142857,0.8015873015873016,893255
5.22589898109436,0.00443577766418457,0.46774193548388643,1.8189894035458565e-12,0.5476190476190477,0.8015873015873016,893255
5.183007001876831,0.0043392181396484375,0.32653061224489793,1.8189894035458565e-12,0.7023809523809523,0.7936507936507936,893255
5.173282861709595,0.004402637481689453,0.3529411764705882,1.8189894035458565e-12,0.6785714285714286,0.7936507936507936,893255
5.254883527755737,0.005008220672607422,0.4107142857142866,1.8189894035458565e-12,0.6190476190476191,0.7936507936507936,893255
5.516450881958008,0.007033586502075195,0.21428571428579346,1.8189894035458565e-12,0.7857142857142857,0.8015873015873016,893255
5.243425607681274,0.0060307979583740234,0.46774193548388643,1.8189894035458565e-12,0.5476190476190477,0.8015873015873016,893255
5.28973388671875,0.005815267562866211,0.2500000000000064,1.8189894035458565e-12,0.7619047619047619,0.7936507936507936,893255
4.936984062194824,0.005832672119140625,0.4310344827586208,1.8189894035458565e-12,0.5952380952380952,0.7936507936507936,893255
4.787682294845581,0.00788569450378418,0.47619047619047666,1.8189894035458565e-12,0.5357142857142857,0.8015873015873016,893255
5.152871131896973,0.005906105041503906,0.297872340425532,1.8189894035458565e-12,0.7261904761904762,0.8015873015873016,893255
5.529763221740723,0.005889177322387695,0.3653846153851055,1.8189894035458565e-12,0.6666666666666666,0.7936507936507936,893255
5.729546785354614,0.005524396896362305,0.23255813953490714,1.8189894035458565e-12,0.7738095238095238,0.8015873015873016,527796
5.351436614990234,0.006337881088256836,0.32653061224489793,1.8189894035458565e-12,0.7023809523809523,0.8015873015873016,527796
5.461627244949341,0.005518913269042969,0.20930232558139533,1.8189894035458565e-12,0.7976190476190477,0.8015873015873016,527796
5.418342351913452,0.005830049514770508,0.2500000000000064,1.8189894035458565e-12,0.7619047619047619,0.8015873015873016,527796
5.246326446533203,0.0067479610443115234,0.37735849056616155,1.8189894035458565e-12,0.6547619047619048,0.8015873015873016,527796
5.693822383880615,0.0054132938385009766,0.47619047619047666,1.8189894035458565e-12,0.5357142857142857,0.8015873015873016,527796
4.78020167350769,0.006315946578979492,0.3529411764705882,1.8189894035458565e-12,0.6785714285714286,0.7936507936507936,527796
4.63346004486084,0.02138209342956543,0.45,1.8189894035458565e-12,0.5714285714285714,0.7936507936507936,527796
4.9025537967681885,0.008002758026123047,0.297872340425532,1.8189894035458565e-12,0.7261904761904762,0.8015873015873016,527796
4.972148418426514,0.007104635238647461,0.19999999999999998,1.8189894035458565e-12,0.8214285714285714,0.7936507936507936,527796
4.986351728439331,0.0070209503173828125,0.1875,1.8189894035458565e-12,0.8571428571428571,0.8015873015873016,527796
4.890350103378296,0.007540702819824219,0.46774193548388643,1.8189894035458565e-12,0.5476190476190477,0.7936507936507936,527796
4.893189191818237,0.005777120590209961,0.19148936170212766,1.8189894035458565e-12,0.8452380952380952,0.7936507936507936,527796
4.9309773445129395,0.007296562194824219,0.1875,1.8189894035458565e-12,0.8571428571428571,0.7936507936507936,527796
4.906944274902344,0.0068511962890625,0.34,1.8189894035458565e-12,0.6904761904761905,0.8015873015873016,527796
5.410471677780151,0.005117893218994141,0.21428571428579346,1.8189894035458565e-12,0.7857142857142857,0.7936507936507936,527796
5.463833332061768,0.0047609806060791016,0.3125,1.8189894035458565e-12,0.7142857142857143,0.7936507936507936,527796
5.412201881408691,0.004795074462890625,0.4000000000000054,1.8189894035458565e-12,0.6309523809523809,0.8015873015873016,527796
5.252540349960327,0.004309415817260742,0.3653846153851055,1.8189894035458565e-12,0.6666666666666666,0.7936507936507936,527796
5.306969165802002,0.00458073616027832,0.19148936170212766,1.8189894035458565e-12,0.8452380952380952,0.8015873015873016,527796
5.329889297485352,0.004919528961181641,0.4000000000000054,1.8189894035458565e-12,0.6309523809523809,0.7936507936507936,527796
5.3278727531433105,0.004533052444458008,0.45,1.8189894035458565e-12,0.5714285714285714,0.7936507936507936,527796
5.423862457275391,0.00680994987487793,0.2826086956521744,1.8189894035458565e-12,0.7380952380952381,0.8015873015873016,527796
5.395961761474609,0.005627632141113281,0.3529411764705882,1.8189894035458565e-12,0.6785714285714286,0.7936507936507936,527796
5.377505540847778,0.005530357360839844,0.18367346938775508,1.8189894035458565e-12,0.8690476190476191,0.8015873015873016,527796
5.079921245574951,0.006112575531005859,0.47619047619047666,1.8189894035458565e-12,0.5357142857142857,0.7936507936507936,527796
5.20511269569397,0.005925178527832031,0.37735849056616155,1.8189894035458565e-12,0.6547619047619048,0.8015873015873016,527796
5.215050220489502,0.006457328796386719,0.3529411764705882,1.8189894035458565e-12,0.6785714285714286,0.7936507936507936,527796
5.415874719619751,0.005116701126098633,0.34,1.8189894035458565e-12,0.6904761904761905,0.8015873015873016,527796
5.482437372207642,0.0064716339111328125,0.4477611940298507,1.8189894035458565e-12,0.5833333333333334,0.7936507936507936,657486
5.490570783615112,0.006003141403198242,0.4477611940298507,1.8189894035458565e-12,0.5833333333333334,0.8015873015873016,657486
5.627715587615967,0.005212306976318359,0.4558823529416437,1.8189894035458565e-12,0.5714285714285714,0.8015873015873016,657486
5.337915658950806,0.0066089630126953125,0.43076923076923074,1.8189894035458565e-12,0.6071428571428571,0.8015873015873016,657486
5.583588600158691,0.006056785583496094,0.513157894736842,1.8189894035458565e-12,0.47619047619047616,0.7936507936507936,657486
5.458393096923828,0.006017208099365234,0.3508771929824561,1.8189894035458565e-12,0.7023809523809523,0.7936507936507936,657486
5.434541940689087,0.0055658817291259766,0.5256410256410257,1.8189894035458565e-12,0.4523809523809524,0.7936507936507936,657486
5.527299642562866,0.00576472282409668,0.46376811594208434,1.8189894035458565e-12,0.5595238095238095,0.7936507936507936,657486
5.674095153808594,0.005948305130004883,0.4931506849316671,1.8189894035458565e-12,0.5119047619047619,0.7936507936507936,657486
5.7297186851501465,0.005827188491821289,0.4931506849316671,1.8189894035458565e-12,0.5119047619047619,0.8015873015873016,657486
4.928652286529541,0.006622314453125,0.5316455696202532,1.8189894035458565e-12,0.44047619047619047,0.7936507936507936,657486
5.2203755378723145,0.006014347076416016,0.40322580645161615,1.8189894035458565e-12,0.6428571428571429,0.8015873015873016,657486
5.096496343612671,0.007338047027587891,0.3620689655169395,1.8189894035458565e-12,0.6904761904761905,0.8015873015873016,657486
5.311238527297974,0.006745815277099609,0.5194805194805195,1.8189894035458565e-12,0.4642857142857143,0.7936507936507936,657486
5.146337032318115,0.007279872894287109,0.46376811594208434,1.8189894035458565e-12,0.5595238095238095,0.8015873015873016,657486
5.1092095375061035,0.0075037479400634766,0.43076923076923074,1.8189894035458565e-12,0.6071428571428571,0.8015873015873016,657486
5.276983976364136,0.006769418716430664,0.4218750000000001,1.8189894035458565e-12,0.6190476190476191,0.8015873015873016,657486
5.298750400543213,0.004225492477416992,0.513157894736842,1.8189894035458565e-12,0.47619047619047616,0.8015873015873016,657486
5.3527514934539795,0.004606723785400391,0.4861111111111111,1.8189894035458565e-12,0.5238095238095238,0.7936507936507936,657486
5.511969327926636,0.004885673522949219,0.4714285714285754,1.8189894035458565e-12,0.5476190476190477,0.7936507936507936,657486
5.519453287124634,0.0049283504486083984,0.4558823529416437,1.8189894035458565e-12,0.5714285714285714,0.8015873015873016,657486
5.5135414600372314,0.004687070846557617,0.4393939393939394,1.8189894035458565e-12,0.5952380952380952,0.8015873015873016,657486
5.620802402496338,0.005457162857055664,0.4558823529416437,1.8189894035458565e-12,0.5714285714285714,0.7936507936507936,657486
5.438355445861816,0.005636930465698242,0.3833333333333918,1.8189894035458565e-12,0.6666666666666666,0.7936507936507936,657486
5.40003514289856,0.005788087844848633,0.41269841269841334,1.8189894035458565e-12,0.6309523809523809,0.7936507936507936,657486
5.373237371444702,0.005960941314697266,0.4393939393939394,1.8189894035458565e-12,0.5952380952380952,0.7936507936507936,657486
5.3035266399383545,0.0060918331146240234,0.4861111111111111,1.8189894035458565e-12,0.5238095238095238,0.7936507936507936,657486
5.412732362747192,0.005661487579345703,0.4931506849316671,1.8189894035458565e-12,0.5119047619047619,0.7936507936507936,657486
5.405063152313232,0.005739927291870117,0.5256410256410257,1.8189894035458565e-12,0.4523809523809524,0.8015873015873016,657486
5.505328178405762,0.006346940994262695,0.11627906976744186,1.8189894035458565e-12,0.8928571428571429,0.8015873015873016,966655
5.359727144241333,0.008047103881835938,0.11627906976744186,1.8189894035458565e-12,0.8928571428571429,0.7936507936507936,966655
5.487238883972168,0.00632786750793457,0.11627906976744186,1.8189894035458565e-12,0.8928571428571429,0.8015873015873016,966655
5.467307090759277,0.006798505783081055,0.10638297872340426,1.8189894035458565e-12,0.9404761904761905,0.7936507936507936,966655
5.767410755157471,0.005111217498779297,0.11627906976744186,1.8189894035458565e-12,0.8928571428571429,0.8015873015873016,966655
5.71931266784668,0.005396842956542969,0.30188679245283023,1.8189894035458565e-12,0.75,0.8015873015873016,966655
5.767729997634888,0.0049860477447509766,0.11904761904761907,1.8189894035458565e-12,0.8809523809523809,0.8015873015873016,966655
5.713477611541748,0.004983425140380859,0.3620689655169395,1.8189894035458565e-12,0.6904761904761905,0.8015873015873016,966655
5.954760789871216,0.004804134368896484,0.28846153846153866,1.8189894035458565e-12,0.7619047619047619,0.7936507936507936,966655
5.574241876602173,0.005637645721435547,0.19565217391328926,1.8189894035458565e-12,0.8333333333333334,0.8015873015873016,966655
5.813806056976318,0.005265951156616211,0.10638297872340426,1.8189894035458565e-12,0.9404761904761905,0.8015873015873016,966655
5.772348880767822,0.0056591033935546875,0.37288135593241456,1.8189894035458565e-12,0.6785714285714286,0.8015873015873016,966655
5.66782546043396,0.00482940673828125,0.37288135593241456,1.8189894035458565e-12,0.6785714285714286,0.7936507936507936,966655
5.229381561279297,0.006421566009521484,0.10869565217391303,1.8189894035458565e-12,0.9285714285714286,0.7936507936507936,966655
5.170275688171387,0.007812738418579102,0.10638297872340426,1.8189894035458565e-12,0.9404761904761905,0.7936507936507936,966655
5.050159692764282,0.00647282600402832,0.10638297872340426,1.8189894035458565e-12,0.9404761904761905,0.7936507936507936,966655
5.235597848892212,0.005927324295043945,0.17777777777744141,1.8189894035458565e-12,0.8452380952380952,0.7936507936507936,966655
5.178436517715454,0.006291627883911133,0.2600000000000029,1.8189894035458565e-12,0.7857142857142857,0.7936507936507936,966655
5.125671148300171,0.006823301315307617,0.31481481481481477,1.8189894035458565e-12,0.7380952380952381,0.7936507936507936,966655
5.3636040687561035,0.007270097732543945,0.10638297872340426,1.8189894035458565e-12,0.9404761904761905,0.7936507936507936,966655
5.233598947525024,0.006597280502319336,0.10638297872340426,1.8189894035458565e-12,0.9404761904761905,0.8015873015873016,966655
5.517681360244751,0.004687786102294922,0.21276595744689578,1.8189894035458565e-12,0.8214285714285714,0.7936507936507936,966655
5.409925699234009,0.006264686584472656,0.10638297872340426,1.8189894035458565e-12,0.9404761904761905,0.8015873015873016,966655
5.432871103286743,0.005848884582519531,0.1395348837209303,1.8189894035458565e-12,0.8690476190476191,0.7936507936507936,966655
5.314866304397583,0.005838632583618164,0.10638297872340426,1.8189894035458565e-12,0.9404761904761905,0.7936507936507936,966655
5.429024696350098,0.006411552429199219,0.33928571428571425,1.8189894035458565e-12,0.7142857142857143,0.7936507936507936,966655
5.604833364486694,0.0050506591796875,0.27450980392156954,1.8189894035458565e-12,0.7738095238095238,0.8015873015873016,966655
5.487541675567627,0.005384922027587891,0.24489795918368304,1.8189894035458565e-12,0.7976190476190477,0.8015873015873016,966655
5.591558933258057,0.005112886428833008,0.10638297872340426,1.8189894035458565e-12,0.9404761904761905,0.8015873015873016,966655
5.594647645950317,0.0070722103118896484,0.18604651162790697,1.8189894035458565e-12,0.8214285714285714,0.7936507936507936,342329
5.596396207809448,0.007212638854980469,0.3333333333333333,1.8189894035458565e-12,0.7023809523809523,0.8015873015873016,342329
5.673061847686768,0.0054721832275390625,0.29166666666666685,1.8189894035458565e-12,0.7380952380952381,0.7936507936507936,342329
5.59157395362854,0.006067037582397461,0.17777777777777778,1.8189894035458565e-12,0.8452380952380952,0.8015873015873016,342329
5.600991249084473,0.007267951965332031,0.4137931034482764,1.8189894035458565e-12,0.6190476190476191,0.8015873015873016,342329
5.625223636627197,0.005253314971923828,0.5072463768115941,1.8189894035458565e-12,0.4880952380952381,0.7936507936507936,342329
5.710154056549072,0.005254030227661133,0.48484848484848486,1.8189894035458565e-12,0.5238095238095238,0.8015873015873016,342329
5.831611156463623,0.004812002182006836,0.4516129032258064,1.8189894035458565e-12,0.5714285714285714,0.7936507936507936,342329
5.910372257232666,0.0054357051849365234,0.4687500000000108,1.8189894035458565e-12,0.5476190476190477,0.8015873015873016,342329
5.599872589111328,0.005816221237182617,0.44262295081967207,1.8189894035458565e-12,0.5833333333333334,0.7936507936507936,342329
5.7407002449035645,0.0051116943359375,0.18604651162790697,1.8189894035458565e-12,0.8214285714285714,0.8015873015873016,342329
5.88647198677063,0.005074024200439453,0.17777777777777778,1.8189894035458565e-12,0.8452380952380952,0.8015873015873016,342329
5.543262958526611,0.007491350173950195,0.3928571428571587,1.8189894035458565e-12,0.6428571428571429,0.8015873015873016,342329
5.938461780548096,0.005075931549072266,0.24444444444445437,1.8189894035458565e-12,0.7738095238095238,0.8015873015873016,342329
5.0891501903533936,0.007631778717041016,0.29166666666666685,1.8189894035458565e-12,0.7380952380952381,0.8015873015873016,342329
5.170637130737305,0.006428718566894531,0.18604651162790697,1.8189894035458565e-12,0.8214285714285714,0.8015873015873016,342329
5.153383493423462,0.007680416107177734,0.18181818181818182,1.8189894035458565e-12,0.8333333333333334,0.8015873015873016,342329
5.187870025634766,0.006676673889160156,0.42372881355932207,1.8189894035458565e-12,0.6071428571428571,0.7936507936507936,342329
5.316756010055542,0.0069119930267333984,0.5211267605633804,1.8189894035458565e-12,0.4642857142857143,0.8015873015873016,342329
5.15341329574585,0.008337736129760742,0.24444444444445437,1.8189894035458565e-12,0.7738095238095238,0.8015873015873016,342329
5.221245050430298,0.0068781375885009766,0.34615384615384615,1.8189894035458565e-12,0.6904761904761905,0.8015873015873016,342329
5.394731283187866,0.00476837158203125,0.4603174603176093,1.8189894035458565e-12,0.5595238095238095,0.7936507936507936,342329
5.498791694641113,0.005221366882324219,0.19047619047652092,1.8189894035458565e-12,0.8095238095238095,0.8015873015873016,342329
5.529451608657837,0.005196571350097656,0.48484848484848486,1.8189894035458565e-12,0.5238095238095238,0.8015873015873016,342329
5.4766013622283936,0.005742073059082031,0.17391304347826086,1.8189894035458565e-12,0.8571428571428571,0.7936507936507936,342329
5.553213834762573,0.005415678024291992,0.49253731343312473,1.8189894035458565e-12,0.5119047619047619,0.7936507936507936,342329
5.589975357055664,0.004664897918701172,0.4137931034482764,1.8189894035458565e-12,0.6190476190476191,0.7936507936507936,342329
5.59267258644104,0.004771709442138672,0.3584905660377358,1.8189894035458565e-12,0.6785714285714286,0.7936507936507936,342329
5.525821685791016,0.005890607833862305,0.3333333333333333,1.8189894035458565e-12,0.7023809523809523,0.8015873015873016,342329
5.6330647468566895,0.0063893795013427734,0.21276595744680848,1.8189894035458565e-12,0.8214285714285714,0.7936507936507936,278135
5.554407835006714,0.00608372688293457,0.4181818181818184,1.8189894035458565e-12,0.6071428571428571,0.7936507936507936,278135
5.208892107009888,0.00830984115600586,0.43859649122807015,1.8189894035458565e-12,0.5833333333333334,0.7936507936507936,278135
5.846410751342773,0.00504302978515625,0.19607843137254902,1.8189894035458565e-12,0.8690476190476191,0.7936507936507936,278135
5.890456676483154,0.00507354736328125,0.43859649122807015,1.8189894035458565e-12,0.5833333333333334,0.7936507936507936,278135
5.759035110473633,0.005379915237426758,0.43859649122807015,1.8189894035458565e-12,0.5833333333333334,0.8015873015873016,278135
5.451408863067627,0.0060825347900390625,0.39622641509434925,1.8189894035458565e-12,0.6309523809523809,0.7936507936507936,278135
5.548329830169678,0.0056421756744384766,0.45762711864437056,1.8189894035458565e-12,0.5595238095238095,0.7936507936507936,278135
5.5461297035217285,0.0060155391693115234,0.5616438356164384,1.8189894035458565e-12,0.39285714285714285,0.7936507936507936,278135
5.268683671951294,0.007699012756347656,0.39622641509434925,1.8189894035458565e-12,0.6309523809523809,0.7936507936507936,278135
5.578325510025024,0.006243705749511719,0.19607843137254902,1.8189894035458565e-12,0.8690476190476191,0.7936507936507936,278135
5.8671715259552,0.005148887634277344,0.5555555555555556,1.8189894035458565e-12,0.40476190476190477,0.8015873015873016,278135
5.830908298492432,0.004929542541503906,0.4920634920639328,1.8189894035458565e-12,0.5119047619047619,0.7936507936507936,278135
5.815939903259277,0.0054891109466552734,0.35999999999986587,1.8189894035458565e-12,0.6666666666666666,0.7936507936507936,278135
6.0381691455841064,0.004842042922973633,0.27272727272727365,1.8189894035458565e-12,0.7380952380952381,0.8015873015873016,278135
5.661717653274536,0.0046765804290771484,0.19607843137254902,1.8189894035458565e-12,0.8690476190476191,0.8015873015873016,278135
4.895582914352417,0.008694887161254883,0.2040816326530612,1.8189894035458565e-12,0.8452380952380952,0.8015873015873016,278135
5.140462875366211,0.007573127746582031,0.44827586206896547,1.8189894035458565e-12,0.5714285714285714,0.8015873015873016,278135
5.304916620254517,0.006169795989990234,0.5362318840579711,1.8189894035458565e-12,0.44047619047619047,0.8015873015873016,278135
5.235184907913208,0.006675004959106445,0.25581395348837616,1.8189894035458565e-12,0.75,0.7936507936507936,278135
5.28812575340271,0.005842924118041992,0.21739130434782608,1.8189894035458565e-12,0.8095238095238095,0.7936507936507936,278135
5.545173645019531,0.005220651626586914,0.4181818181818184,1.8189894035458565e-12,0.6071428571428571,0.7936507936507936,278135
5.432669401168823,0.005179405212402344,0.1923076923076923,1.8189894035458565e-12,0.8809523809523809,0.8015873015873016,278135
5.410782337188721,0.005316972732543945,0.45762711864437056,1.8189894035458565e-12,0.5595238095238095,0.7936507936507936,278135
5.38132119178772,0.005659341812133789,0.20833333333333334,1.8189894035458565e-12,0.8333333333333334,0.8015873015873016,278135
5.4769086837768555,0.0042362213134765625,0.384615384615434,1.8189894035458565e-12,0.6428571428571429,0.7936507936507936,278135
5.306889772415161,0.005766391754150391,0.4181818181818184,1.8189894035458565e-12,0.6071428571428571,0.8015873015873016,278135
5.371897459030151,0.005921125411987305,0.5492957746478874,1.8189894035458565e-12,0.4166666666666667,0.8015873015873016,278135
5.390119552612305,0.0054378509521484375,0.407407407407409,1.8189894035458565e-12,0.6190476190476191,0.8015873015873016,278135
5.9651939868927,0.004792928695678711,0.20833333333333334,1.8189894035458565e-12,0.8333333333333334,0.8015873015873016,937904
5.682864427566528,0.006231069564819336,0.47540983606557446,1.8189894035458565e-12,0.5357142857142857,0.7936507936507936,937904
5.418889760971069,0.006880283355712891,0.45,1.8189894035458565e-12,0.5595238095238095,0.8015873015873016,937904
5.346678972244263,0.007335662841796875,0.32653061224489793,1.8189894035458565e-12,0.7023809523809523,0.8015873015873016,937904
5.457128286361694,0.00670170783996582,0.43859649122807015,1.8189894035458565e-12,0.5833333333333334,0.7936507936507936,937904
5.568403005599976,0.0054895877838134766,0.2500000000000064,1.8189894035458565e-12,0.7619047619047619,0.7936507936507936,937904
5.710441589355469,0.005097627639770508,0.5223880597014925,1.8189894035458565e-12,0.4642857142857143,0.7936507936507936,937904
5.240026235580444,0.010982036590576172,0.25581395348837616,1.8189894035458565e-12,0.75,0.8015873015873016,937904
5.555878162384033,0.0061647891998291016,0.5223880597014925,1.8189894035458565e-12,0.4642857142857143,0.7936507936507936,937904
5.4433205127716064,0.0073626041412353516,0.39622641509434925,1.8189894035458565e-12,0.6309523809523809,0.7936507936507936,937904
5.842423915863037,0.005018472671508789,0.45762711864437056,1.8189894035458565e-12,0.5595238095238095,0.8015873015873016,937904
5.885921001434326,0.0044782161712646484,0.5492957746478874,1.8189894035458565e-12,0.4166666666666667,0.8015873015873016,937904
5.428716659545898,0.007506847381591797,0.28888888888888914,1.8189894035458565e-12,0.7261904761904762,0.7936507936507936,937904
5.64745306968689,0.006434917449951172,0.3043478260869566,1.8189894035458565e-12,0.7142857142857143,0.8015873015873016,937904
5.975787162780762,0.005149126052856445,0.44827586206896547,1.8189894035458565e-12,0.5714285714285714,0.7936507936507936,937904
5.726658582687378,0.005255222320556641,0.47619047619047666,1.8189894035458565e-12,0.5357142857142857,0.8015873015873016,937904
5.76061224937439,0.004972696304321289,0.21739130434782608,1.8189894035458565e-12,0.8095238095238095,0.8015873015873016,937904
5.943454027175903,0.005274534225463867,0.44827586206896547,1.8189894035458565e-12,0.5714285714285714,0.7936507936507936,937904
6.063199043273926,0.005138397216796875,0.45762711864437056,1.8189894035458565e-12,0.5595238095238095,0.8015873015873016,937904
5.917935371398926,0.0052490234375,0.5,1.8189894035458565e-12,0.5,0.8015873015873016,937904
5.092603445053101,0.0066754817962646484,0.43859649122807015,1.8189894035458565e-12,0.5833333333333334,0.8015873015873016,937904
5.522621154785156,0.004765987396240234,0.4181818181818184,1.8189894035458565e-12,0.6071428571428571,0.8015873015873016,937904
5.06082010269165,0.006577491760253906,0.384615384615434,1.8189894035458565e-12,0.6428571428571429,0.7936507936507936,937904
5.428016424179077,0.0063817501068115234,0.47540983606557446,1.8189894035458565e-12,0.5357142857142857,0.7936507936507936,937904
5.470201015472412,0.0059604644775390625,0.407407407407409,1.8189894035458565e-12,0.6190476190476191,0.8015873015873016,937904
5.590868949890137,0.0060842037200927734,0.3333333333333333,1.8189894035458565e-12,0.6904761904761905,0.7936507936507936,937904
5.637873411178589,0.00571751594543457,0.35999999999986587,1.8189894035458565e-12,0.6666666666666666,0.7936507936507936,937904
5.5816967487335205,0.005310773849487305,0.43859649122807015,1.8189894035458565e-12,0.5833333333333334,0.8015873015873016,937904
5.4379284381866455,0.006764411926269531,0.5362318840579711,1.8189894035458565e-12,0.44047619047619047,0.8015873015873016,937904
4.795894145965576,0.008281230926513672,0.3023255813953489,1.8189894035458565e-12,0.7023809523809523,0.7936507936507936,151985
5.516225337982178,0.006485939025878906,0.28260869565217395,1.8189894035458565e-12,0.7380952380952381,0.8015873015873016,151985
5.449758768081665,0.006955862045288086,0.28260869565217395,1.8189894035458565e-12,0.7380952380952381,0.7936507936507936,151985
5.261620759963989,0.006882667541503906,0.4912280701753135,1.8189894035458565e-12,0.5119047619047619,0.7936507936507936,151985
5.664991617202759,0.005651950836181641,0.2765957446808511,1.8189894035458565e-12,0.75,0.7936507936507936,151985
5.643234491348267,0.0054514408111572266,0.3023255813953489,1.8189894035458565e-12,0.7023809523809523,0.7936507936507936,151985
5.809757471084595,0.005568504333496094,0.4081632653061238,1.8189894035458565e-12,0.6071428571428571,0.7936507936507936,151985
5.3504250049591064,0.008375883102416992,0.2888888888888889,1.8189894035458565e-12,0.7261904761904762,0.8015873015873016,151985
5.931416034698486,0.0054585933685302734,0.25490196078431376,1.8189894035458565e-12,0.7976190476190477,0.7936507936507936,151985
5.873325824737549,0.004934549331665039,0.4629629629630333,1.8189894035458565e-12,0.5476190476190477,0.8015873015873016,151985
5.643465280532837,0.006025791168212891,0.47272727272727516,1.8189894035458565e-12,0.5357142857142857,0.8015873015873016,151985
5.475581884384155,0.0065975189208984375,0.24074074074074076,1.8189894035458565e-12,0.8333333333333334,0.8015873015873016,151985
5.813067436218262,0.0049550533294677734,0.3023255813953489,1.8189894035458565e-12,0.7023809523809523,0.8015873015873016,151985
5.718391418457031,0.006068229675292969,0.24528301886792456,1.8189894035458565e-12,0.8214285714285714,0.7936507936507936,151985
5.728947401046753,0.0055615901947021484,0.43137254901960786,1.8189894035458565e-12,0.5833333333333334,0.8015873015873016,151985
5.808454513549805,0.005277156829833984,0.2765957446808511,1.8189894035458565e-12,0.75,0.7936507936507936,151985
5.665729522705078,0.005221128463745117,0.3095238095238096,1.8189894035458565e-12,0.6904761904761905,0.8015873015873016,151985
5.84332013130188,0.005125999450683594,0.3958333333333436,1.8189894035458565e-12,0.6190476190476191,0.8015873015873016,151985
5.987627744674683,0.0047914981842041016,0.24528301886792456,1.8189894035458565e-12,0.8214285714285714,0.7936507936507936,151985
6.051862478256226,0.0048656463623046875,0.44230769230769224,1.8189894035458565e-12,0.5714285714285714,0.7936507936507936,151985
5.121770858764648,0.008565187454223633,0.5245901639344263,1.8189894035458565e-12,0.4642857142857143,0.7936507936507936,151985
5.421345472335815,0.0050847530364990234,0.28260869565217395,1.8189894035458565e-12,0.7380952380952381,0.8015873015873016,151985
5.378901243209839,0.006448507308959961,0.3023255813953489,1.8189894035458565e-12,0.7023809523809523,0.7936507936507936,151985
5.795641660690308,0.0050203800201416016,0.24,1.8189894035458565e-12,0.8095238095238095,0.7936507936507936,151985
5.403364419937134,0.008150100708007812,0.3409090909090909,1.8189894035458565e-12,0.6666666666666666,0.8015873015873016,151985
5.71563458442688,0.0052220821380615234,0.2888888888888889,1.8189894035458565e-12,0.7261904761904762,0.8015873015873016,151985
5.42974591255188,0.005919456481933594,0.4528301886792006,1.8189894035458565e-12,0.5595238095238095,0.7936507936507936,151985
5.3301167488098145,0.006925821304321289,0.3829787234043165,1.8189894035458565e-12,0.6309523809523809,0.8015873015873016,151985
5.322612524032593,0.005510807037353516,0.3829787234043165,1.8189894035458565e-12,0.6309523809523809,0.8015873015873016,151985
5.599650621414185,0.0070879459381103516,0.27272727272727365,1.8189894035458565e-12,0.7380952380952381,0.7936507936507936,918136
5.790585517883301,0.005561113357543945,0.43859649122807015,1.8189894035458565e-12,0.5833333333333334,0.8015873015873016,918136
5.606271505355835,0.007386445999145508,0.3043478260869566,1.8189894035458565e-12,0.7142857142857143,0.8015873015873016,918136
5.358991622924805,0.006842136383056641,0.5555555555555556,1.8189894035458565e-12,0.40476190476190477,0.8015873015873016,918136
5.829171657562256,0.005002737045288086,0.4666666666666888,1.8189894035458565e-12,0.5476190476190477,0.7936507936507936,918136
5.982800483703613,0.005249500274658203,0.28888888888888914,1.8189894035458565e-12,0.7261904761904762,0.8015873015873016,918136
5.710422039031982,0.005939006805419922,0.45762711864437056,1.8189894035458565e-12,0.5595238095238095,0.7936507936507936,918136
5.521463632583618,0.006577014923095703,0.384615384615434,1.8189894035458565e-12,0.6428571428571429,0.7936507936507936,918136
5.745202541351318,0.00560307502746582,0.2040816326530612,1.8189894035458565e-12,0.8452380952380952,0.7936507936507936,918136
5.40086555480957,0.00681757926940918,0.47540983606557446,1.8189894035458565e-12,0.5357142857142857,0.8015873015873016,918136
5.608835220336914,0.006331920623779297,0.4285714285714286,1.8189894035458565e-12,0.5952380952380952,0.7936507936507936,918136
5.406537055969238,0.006791830062866211,0.19607843137254902,1.8189894035458565e-12,0.8690476190476191,0.7936507936507936,918136
5.324358224868774,0.008031368255615234,0.3725490196080626,1.8189894035458565e-12,0.6547619047619048,0.8015873015873016,918136
5.97723388671875,0.004660129547119141,0.21568627450980393,1.8189894035458565e-12,0.8452380952380952,0.7936507936507936,918136
6.005037307739258,0.0059816837310791016,0.47540983606557446,1.8189894035458565e-12,0.5357142857142857,0.7936507936507936,918136
6.018695592880249,0.0048980712890625,0.5428571428571428,1.8189894035458565e-12,0.42857142857142855,0.8015873015873016,918136
5.92493462562561,0.005021333694458008,0.21739130434782608,1.8189894035458565e-12,0.8095238095238095,0.8015873015873016,918136
5.882368803024292,0.00514531135559082,0.2325581395348837,1.8189894035458565e-12,0.7738095238095238,0.8015873015873016,918136
5.946950197219849,0.005163669586181641,0.21276595744680848,1.8189894035458565e-12,0.8214285714285714,0.7936507936507936,918136
5.949093341827393,0.005227804183959961,0.22727272727272727,1.8189894035458565e-12,0.7857142857142857,0.8015873015873016,918136
5.300484657287598,0.0065610408782958984,0.5294117647058824,1.8189894035458565e-12,0.4523809523809524,0.7936507936507936,918136
5.6080286502838135,0.0049250125885009766,0.3043478260869566,1.8189894035458565e-12,0.7142857142857143,0.7936507936507936,918136
5.395127773284912,0.0067827701568603516,0.4285714285714286,1.8189894035458565e-12,0.5952380952380952,0.7936507936507936,918136
5.317016363143921,0.007169961929321289,0.22727272727272727,1.8189894035458565e-12,0.7976190476190477,0.8015873015873016,918136
5.669583320617676,0.004766225814819336,0.22727272727272727,1.8189894035458565e-12,0.7857142857142857,0.7936507936507936,918136
5.430895805358887,0.00566864013671875,0.28888888888888914,1.8189894035458565e-12,0.7261904761904762,0.8015873015873016,918136
5.732775926589966,0.004365682601928711,0.4285714285714286,1.8189894035458565e-12,0.5952380952380952,0.8015873015873016,918136
5.7609703540802,0.004867076873779297,0.4181818181818184,1.8189894035458565e-12,0.6071428571428571,0.7936507936507936,918136
5.753962993621826,0.004893302917480469,0.4666666666666888,1.8189894035458565e-12,0.5476190476190477,0.7936507936507936,918136
5.473450660705566,0.0072917938232421875,0.3653846153851055,1.8189894035458565e-12,0.6666666666666666,0.8015873015873016,395129
5.107337951660156,0.008795976638793945,0.18,1.8189894035458565e-12,0.8809523809523809,0.8015873015873016,395129
5.365024089813232,0.006824970245361328,0.1764705882352941,1.8189894035458565e-12,0.8928571428571429,0.7936507936507936,395129
5.029206037521362,0.006932497024536133,0.1764705882352941,1.8189894035458565e-12,0.8928571428571429,0.7936507936507936,395129
5.619272232055664,0.006771087646484375,0.16666666666666666,1.8189894035458565e-12,0.8809523809523809,0.7936507936507936,395129
5.855816125869751,0.005694389343261719,0.19565217391304346,1.8189894035458565e-12,0.8452380952380952,0.8015873015873016,395129
5.776042699813843,0.006355762481689453,0.19999999999999998,1.8189894035458565e-12,0.8214285714285714,0.8015873015873016,395129
5.454866886138916,0.0070497989654541016,0.1875,1.8189894035458565e-12,0.8571428571428571,0.7936507936507936,395129
5.303673267364502,0.006765842437744141,0.2826086956521744,1.8189894035458565e-12,0.7380952380952381,0.7936507936507936,395129
5.748651504516602,0.005141735076904297,0.297872340425532,1.8189894035458565e-12,0.7261904761904762,0.7936507936507936,395129
5.71919059753418,0.0056684017181396484,0.18,1.8189894035458565e-12,0.8809523809523809,0.7936507936507936,395129
5.66038703918457,0.006693363189697266,0.2826086956521744,1.8189894035458565e-12,0.7380952380952381,0.7936507936507936,395129
5.6968138217926025,0.005880117416381836,0.2500000000000064,1.8189894035458565e-12,0.7619047619047619,0.8015873015873016,395129
5.974589586257935,0.00582575798034668,0.19999999999999998,1.8189894035458565e-12,0.8214285714285714,0.7936507936507936,395129
5.764153003692627,0.005342006683349609,0.19148936170212766,1.8189894035458565e-12,0.8452380952380952,0.7936507936507936,395129
5.649251222610474,0.006524085998535156,0.23255813953490714,1.8189894035458565e-12,0.7738095238095238,0.8015873015873016,395129
5.988541126251221,0.0050508975982666016,0.1764705882352941,1.8189894035458565e-12,0.8928571428571429,0.8015873015873016,395129
4.820582628250122,0.009682893753051758,0.34,1.8189894035458565e-12,0.6904761904761905,0.8015873015873016,395129
5.441457748413086,0.004457235336303711,0.34,1.8189894035458565e-12,0.6904761904761905,0.8015873015873016,395129
5.4053635597229,0.004267692565917969,0.19148936170212766,1.8189894035458565e-12,0.8452380952380952,0.8015873015873016,395129
5.456728458404541,0.004533052444458008,0.2500000000000064,1.8189894035458565e-12,0.7619047619047619,0.7936507936507936,395129
5.450303077697754,0.0048258304595947266,0.26666666666666833,1.8189894035458565e-12,0.75,0.7936507936507936,395129
5.732754945755005,0.006024837493896484,0.20930232558139533,1.8189894035458565e-12,0.7976190476190477,0.7936507936507936,395129
5.389235496520996,0.0066318511962890625,0.3125,1.8189894035458565e-12,0.7142857142857143,0.7936507936507936,395129
5.550487995147705,0.006524562835693359,0.18367346938775508,1.8189894035458565e-12,0.8690476190476191,0.7936507936507936,395129
5.53848123550415,0.005852460861206055,0.26666666666666833,1.8189894035458565e-12,0.75,0.7936507936507936,395129
5.699028491973877,0.005280494689941406,0.23255813953490714,1.8189894035458565e-12,0.7738095238095238,0.8015873015873016,395129
5.710292339324951,0.005616903305053711,0.1875,1.8189894035458565e-12,0.8571428571428571,0.8015873015873016,395129
5.343714475631714,0.00623774528503418,0.1764705882352941,1.8189894035458565e-12,0.8928571428571429,0.8015873015873016,395129
5.050480127334595,0.0069730281829833984,0.4318181818181818,1.8189894035458565e-12,0.5714285714285714,0.8015873015873016,561993
5.975356340408325,0.005540370941162109,0.33999999999999997,1.8189894035458565e-12,0.6904761904761905,0.8015873015873016,561993
5.414894104003906,0.009169578552246094,0.3090909090909091,1.8189894035458565e-12,0.75,0.7936507936507936,561993
5.515368700027466,0.008529186248779297,0.39534883720930225,1.8189894035458565e-12,0.6071428571428571,0.7936507936507936,561993
5.252228498458862,0.008190393447875977,0.38636363636363635,1.8189894035458565e-12,0.6190476190476191,0.7936507936507936,561993
5.916656494140625,0.005781888961791992,0.37777777777777777,1.8189894035458565e-12,0.6309523809523809,0.8015873015873016,561993
5.694178819656372,0.009299755096435547,0.489795918367347,1.8189894035458565e-12,0.5119047619047619,0.7936507936507936,561993
5.714081048965454,0.0058481693267822266,0.3617021276595745,1.8189894035458565e-12,0.6547619047619048,0.7936507936507936,561993
5.9025187492370605,0.005663394927978516,0.4791666666666668,1.8189894035458565e-12,0.5238095238095238,0.7936507936507936,561993
5.9015655517578125,0.005420684814453125,0.489795918367347,1.8189894035458565e-12,0.5119047619047619,0.7936507936507936,561993
5.911172151565552,0.00581812858581543,0.3333333333333333,1.8189894035458565e-12,0.7023809523809523,0.8015873015873016,561993
6.041125774383545,0.0055005550384521484,0.5192307692307693,1.8189894035458565e-12,0.47619047619047616,0.8015873015873016,561993
5.979933977127075,0.005160331726074219,0.3695652173913044,1.8189894035458565e-12,0.6428571428571429,0.8015873015873016,561993
5.931436538696289,0.005027055740356445,0.3090909090909091,1.8189894035458565e-12,0.75,0.8015873015873016,561993
5.823086738586426,0.0052890777587890625,0.3333333333333333,1.8189894035458565e-12,0.7023809523809523,0.7936507936507936,561993
6.120712757110596,0.005609989166259766,0.45652173913083427,1.8189894035458565e-12,0.5476190476190477,0.7936507936507936,561993
5.653050899505615,0.005963563919067383,0.3090909090909091,1.8189894035458565e-12,0.75,0.7936507936507936,561993
6.0574376583099365,0.005255699157714844,0.5283018867924528,1.8189894035458565e-12,0.4642857142857143,0.8015873015873016,561993
4.997647762298584,0.006827354431152344,0.5098039215686274,1.8189894035458565e-12,0.4880952380952381,0.7936507936507936,561993
5.582636833190918,0.004561424255371094,0.3541666666666667,1.8189894035458565e-12,0.6666666666666666,0.8015873015873016,561993
5.753552436828613,0.004682779312133789,0.5370370370370371,1.8189894035458565e-12,0.4523809523809524,0.7857142857142857,561993
5.407325029373169,0.004246234893798828,0.46808510638299244,1.8189894035458565e-12,0.5357142857142857,0.8015873015873016,561993
5.796906471252441,0.005094766616821289,0.4444444444444445,1.8189894035458565e-12,0.5595238095238095,0.8015873015873016,561993
5.704452037811279,0.0066030025482177734,0.46808510638299244,1.8189894035458565e-12,0.5357142857142857,0.8015873015873016,561993
5.584583759307861,0.005408763885498047,0.3090909090909091,1.8189894035458565e-12,0.75,0.8015873015873016,561993
5.518738508224487,0.006171226501464844,0.41860465116279094,1.8189894035458565e-12,0.5833333333333334,0.8015873015873016,561993
5.664224624633789,0.0052716732025146484,0.5192307692307693,1.8189894035458565e-12,0.47619047619047616,0.8015873015873016,561993
5.826366186141968,0.0055255889892578125,0.3090909090909091,1.8189894035458565e-12,0.75,0.7936507936507936,561993
5.505479574203491,0.0073854923248291016,0.3148148148148148,1.8189894035458565e-12,0.7380952380952381,0.7936507936507936,561993
4.823276996612549,0.007218360900878906,0.27906976744186046,1.8189894035458565e-12,0.7261904761904762,0.8015873015873016,998757
5.701671838760376,0.006400346755981445,0.3750000000001645,1.8189894035458565e-12,0.6428571428571429,0.8015873015873016,998757
5.645921945571899,0.0070819854736328125,0.45454545454509776,1.8189894035458565e-12,0.5595238095238095,0.7936507936507936,998757
5.452415466308594,0.006435394287109375,0.22641509433962262,1.8189894035458565e-12,0.8452380952380952,0.7936507936507936,998757
5.738062143325806,0.006379365921020508,0.3333333333333333,1.8189894035458565e-12,0.6785714285714286,0.8015873015873016,998757
5.570791959762573,0.007533550262451172,0.5454545454545454,1.8189894035458565e-12,0.42857142857142855,0.7936507936507936,998757
5.8053388595581055,0.006843090057373047,0.4117647058823537,1.8189894035458565e-12,0.6071428571428571,0.7936507936507936,998757
5.569108724594116,0.00823354721069336,0.4642857142857615,1.8189894035458565e-12,0.5476190476190477,0.7936507936507936,998757
5.6201348304748535,0.005903482437133789,0.5384615384615384,1.8189894035458565e-12,0.44047619047619047,0.7936507936507936,998757
5.5318357944488525,0.0066869258880615234,0.38775510204084873,1.8189894035458565e-12,0.6309523809523809,0.8015873015873016,998757
5.61147665977478,0.00652766227722168,0.2222222222222222,1.8189894035458565e-12,0.8571428571428571,0.7936507936507936,998757
5.674105167388916,0.006558656692504883,0.2553191489361702,1.8189894035458565e-12,0.7738095238095238,0.7936507936507936,998757
5.776441812515259,0.006432056427001953,0.5161290322580645,1.8189894035458565e-12,0.47619047619047616,0.8015873015873016,998757
5.920782566070557,0.00644230842590332,0.45454545454509776,1.8189894035458565e-12,0.5595238095238095,0.7936507936507936,998757
4.90161657333374,0.009927749633789062,0.34782608695652173,1.8189894035458565e-12,0.6666666666666666,0.7936507936507936,998757
5.5722129344940186,0.004476308822631836,0.27272727272727276,1.8189894035458565e-12,0.7380952380952381,0.8015873015873016,998757
5.500589847564697,0.004491090774536133,0.2222222222222222,1.8189894035458565e-12,0.8571428571428571,0.8015873015873016,998757
5.534238576889038,0.004509687423706055,0.285714285714286,1.8189894035458565e-12,0.7142857142857143,0.8015873015873016,998757
5.586217641830444,0.005026817321777344,0.44444444444444453,1.8189894035458565e-12,0.5714285714285714,0.8015873015873016,998757
5.578023195266724,0.0043718814849853516,0.27272727272727276,1.8189894035458565e-12,0.7380952380952381,0.7936507936507936,998757
5.697672128677368,0.0045223236083984375,0.24,1.8189894035458565e-12,0.8095238095238095,0.8015873015873016,998757
5.786458492279053,0.006008148193359375,0.34782608695652173,1.8189894035458565e-12,0.6666666666666666,0.8015873015873016,998757
5.6217591762542725,0.005938053131103516,0.22641509433962262,1.8189894035458565e-12,0.8452380952380952,0.7936507936507936,998757
5.12485671043396,0.008111238479614258,0.44444444444444453,1.8189894035458565e-12,0.5714285714285714,0.7936507936507936,998757
5.73384428024292,0.005907773971557617,0.27272727272727276,1.8189894035458565e-12,0.7380952380952381,0.8015873015873016,998757
5.604759216308594,0.005635976791381836,0.4827586206896552,1.8189894035458565e-12,0.5238095238095238,0.8015873015873016,998757
5.7129175662994385,0.006421804428100586,0.36170212765929993,1.8189894035458565e-12,0.6547619047619048,0.8015873015873016,998757
5.72283148765564,0.0059359073638916016,0.38775510204084873,1.8189894035458565e-12,0.6309523809523809,0.8015873015873016,998757
5.720237493515015,0.005959033966064453,0.4827586206896552,1.8189894035458565e-12,0.5238095238095238,0.8015873015873016,998757
5.453778028488159,0.006867885589599609,0.2545454545454545,1.8189894035458565e-12,0.8214285714285714,0.8015873015873016,863985
5.192382335662842,0.007973432540893555,0.25925925925925924,1.8189894035458565e-12,0.8095238095238095,0.8015873015873016,863985
5.827563524246216,0.00548243522644043,0.41666666666666696,1.8189894035458565e-12,0.5952380952380952,0.8015873015873016,863985
5.485893726348877,0.007483720779418945,0.2641509433962264,1.8189894035458565e-12,0.7976190476190477,0.8015873015873016,863985
5.835905313491821,0.0064241886138916016,0.2692307692307692,1.8189894035458565e-12,0.7857142857142857,0.7936507936507936,863985
5.587614059448242,0.0057103633880615234,0.25925925925925924,1.8189894035458565e-12,0.8095238095238095,0.8015873015873016,863985
5.885596513748169,0.004963874816894531,0.28571428571428564,1.8189894035458565e-12,0.75,0.7936507936507936,863985
5.3913493156433105,0.006539344787597656,0.25925925925925924,1.8189894035458565e-12,0.8095238095238095,0.8015873015873016,863985
5.759040832519531,0.005532026290893555,0.25925925925925924,1.8189894035458565e-12,0.8095238095238095,0.7936507936507936,863985
5.7812066078186035,0.005586385726928711,0.3488372093023256,1.8189894035458565e-12,0.6666666666666666,0.7936507936507936,863985
5.902150392532349,0.0047152042388916016,0.3260869565217391,1.8189894035458565e-12,0.6904761904761905,0.8015873015873016,863985
5.693500518798828,0.005364656448364258,0.26315789473684215,1.8189894035458565e-12,0.8214285714285714,0.8015873015873016,863985
5.729636907577515,0.0054738521575927734,0.2830188679245283,1.8189894035458565e-12,0.7738095238095238,0.7936507936507936,863985
5.461780548095703,0.005306720733642578,0.25,1.8189894035458565e-12,0.8333333333333334,0.7936507936507936,863985
5.683498859405518,0.005369424819946289,0.3191489361702128,1.8189894035458565e-12,0.7023809523809523,0.8015873015873016,863985
4.680221796035767,0.008075475692749023,0.3125,1.8189894035458565e-12,0.7142857142857143,0.8015873015873016,863985
4.801780939102173,0.007940530776977539,0.25,1.8189894035458565e-12,0.8214285714285714,0.7936507936507936,863985
4.785364151000977,0.00606083869934082,0.27450980392156865,1.8189894035458565e-12,0.7738095238095238,0.7936507936507936,863985
4.796832084655762,0.0058782100677490234,0.3720930232560453,1.8189894035458565e-12,0.6309523809523809,0.8015873015873016,863985
5.542678356170654,0.004999876022338867,0.2641509433962264,1.8189894035458565e-12,0.7976190476190477,0.8015873015873016,863985
5.477376937866211,0.004355192184448242,0.29411764705882354,1.8189894035458565e-12,0.75,0.7936507936507936,863985
5.537292957305908,0.004648685455322266,0.29411764705882354,1.8189894035458565e-12,0.7380952380952381,0.7936507936507936,863985
5.56101393699646,0.005330801010131836,0.2830188679245283,1.8189894035458565e-12,0.7738095238095238,0.8015873015873016,863985
5.1580657958984375,0.006519317626953125,0.2692307692307692,1.8189894035458565e-12,0.7857142857142857,0.7936507936507936,863985
5.606676816940308,0.005496501922607422,0.3913043478261068,1.8189894035458565e-12,0.6190476190476191,0.8015873015873016,863985
5.4851953983306885,0.005759239196777344,0.2777777777777778,1.8189894035458565e-12,0.7976190476190477,0.8015873015873016,863985
5.417417526245117,0.005291461944580078,0.2884615384615385,1.8189894035458565e-12,0.7619047619047619,0.8015873015873016,863985
5.623185873031616,0.004897594451904297,0.2641509433962264,1.8189894035458565e-12,0.7976190476190477,0.7936507936507936,863985
5.343592166900635,0.0059926509857177734,0.34883720930232553,1.8189894035458565e-12,0.6547619047619048,0.7936507936507936,863985
4.741050720214844,0.008547782897949219,0.27272727272727365,1.8189894035458565e-12,0.7380952380952381,0.7936507936507936,180679
5.953470706939697,0.006418704986572266,0.25581395348837616,1.8189894035458565e-12,0.75,0.7936507936507936,180679
5.524365425109863,0.00715327262878418,0.3191489361702128,1.8189894035458565e-12,0.7023809523809523,0.7936507936507936,180679
5.4910712242126465,0.007938623428344727,0.45762711864437056,1.8189894035458565e-12,0.5595238095238095,0.7936507936507936,180679
5.344212293624878,0.00717926025390625,0.27272727272727365,1.8189894035458565e-12,0.7380952380952381,0.7936507936507936,180679
5.742670297622681,0.006621837615966797,0.27272727272727365,1.8189894035458565e-12,0.7380952380952381,0.7936507936507936,180679
5.805789470672607,0.006894826889038086,0.4181818181818184,1.8189894035458565e-12,0.6071428571428571,0.8015873015873016,180679
6.004189968109131,0.007005453109741211,0.3333333333333333,1.8189894035458565e-12,0.6904761904761905,0.8015873015873016,180679
5.615237712860107,0.006533622741699219,0.21739130434782608,1.8189894035458565e-12,0.8095238095238095,0.8015873015873016,180679
5.812524795532227,0.00582432746887207,0.47540983606557446,1.8189894035458565e-12,0.5357142857142857,0.7936507936507936,180679
4.666935682296753,0.006270408630371094,0.43859649122807015,1.8189894035458565e-12,0.5833333333333334,0.7936507936507936,180679
4.702215671539307,0.007771730422973633,0.19607843137254902,1.8189894035458565e-12,0.8690476190476191,0.8015873015873016,180679
4.7665979862213135,0.00609278678894043,0.3191489361702128,1.8189894035458565e-12,0.7023809523809523,0.7936507936507936,180679
5.683990955352783,0.004778385162353516,0.19607843137254902,1.8189894035458565e-12,0.8690476190476191,0.8015873015873016,180679
5.581252813339233,0.004632234573364258,0.44827586206896547,1.8189894035458565e-12,0.5714285714285714,0.7936507936507936,180679
5.587608337402344,0.00469207763671875,0.48387096774193544,1.8189894035458565e-12,0.5238095238095238,0.7936507936507936,180679
5.502961158752441,0.004678487777709961,0.22727272727272727,1.8189894035458565e-12,0.7857142857142857,0.8015873015873016,180679
5.486956357955933,0.004890918731689453,0.28888888888888914,1.8189894035458565e-12,0.7261904761904762,0.7936507936507936,180679
5.618362903594971,0.004617214202880859,0.3725490196080626,1.8189894035458565e-12,0.6547619047619048,0.7936507936507936,180679
5.375015735626221,0.004828214645385742,0.22727272727272727,1.8189894035458565e-12,0.7857142857142857,0.8015873015873016,180679
5.499635219573975,0.004695892333984375,0.407407407407409,1.8189894035458565e-12,0.6190476190476191,0.7936507936507936,180679
5.536325693130493,0.004365682601928711,0.25581395348837616,1.8189894035458565e-12,0.75,0.8015873015873016,180679
5.365962028503418,0.007163524627685547,0.25581395348837616,1.8189894035458565e-12,0.75,0.7936507936507936,180679
5.018341541290283,0.006990909576416016,0.22222222222222218,1.8189894035458565e-12,0.7976190476190477,0.8015873015873016,180679
5.273735523223877,0.00776982307434082,0.28888888888888914,1.8189894035458565e-12,0.7261904761904762,0.7936507936507936,180679
5.287073135375977,0.0066144466400146484,0.23809523809525393,1.8189894035458565e-12,0.7619047619047619,0.7936507936507936,180679
5.7774012088775635,0.006589651107788086,0.4285714285714286,1.8189894035458565e-12,0.5952380952380952,0.7936507936507936,180679
5.614802360534668,0.008722543716430664,0.35999999999986587,1.8189894035458565e-12,0.6666666666666666,0.7936507936507936,180679
5.791416883468628,0.005608081817626953,0.384615384615434,1.8189894035458565e-12,0.6428571428571429,0.7936507936507936,180679
5.1714394092559814,0.007752418518066406,0.26,1.8189894035458565e-12,0.7857142857142857,0.7936507936507936,336172
5.68933892250061,0.00658726692199707,0.3023255813953489,1.8189894035458565e-12,0.7023809523809523,0.7936507936507936,336172
5.929214239120483,0.005794048309326172,0.26,1.8189894035458565e-12,0.7857142857142857,0.8015873015873016,336172
5.686155557632446,0.00630950927734375,0.4528301886792006,1.8189894035458565e-12,0.5595238095238095,0.7936507936507936,336172
5.670672655105591,0.00661468505859375,0.44230769230769224,1.8189894035458565e-12,0.5714285714285714,0.8015873015873016,336172
6.024056911468506,0.0062198638916015625,0.3095238095238096,1.8189894035458565e-12,0.6904761904761905,0.7936507936507936,336172
5.659594535827637,0.006502628326416016,0.42000000000000015,1.8189894035458565e-12,0.5952380952380952,0.8015873015873016,336172
5.530591249465942,0.0057599544525146484,0.36956521739161313,1.8189894035458565e-12,0.6428571428571429,0.8015873015873016,336172
5.910247087478638,0.005696535110473633,0.3555555555555556,1.8189894035458565e-12,0.6547619047619048,0.8015873015873016,336172
5.871792554855347,0.0059070587158203125,0.3555555555555556,1.8189894035458565e-12,0.6547619047619048,0.7936507936507936,336172
6.142971038818359,0.005848407745361328,0.26,1.8189894035458565e-12,0.7857142857142857,0.7936507936507936,336172
4.9448912143707275,0.007277250289916992,0.26,1.8189894035458565e-12,0.7857142857142857,0.8015873015873016,336172
5.318104267120361,0.0058634281158447266,0.3829787234043165,1.8189894035458565e-12,0.6309523809523809,0.8015873015873016,336172
5.109150171279907,0.0070002079010009766,0.3023255813953489,1.8189894035458565e-12,0.7023809523809523,0.8015873015873016,336172
4.995800256729126,0.007715702056884766,0.3095238095238096,1.8189894035458565e-12,0.6904761904761905,0.8015873015873016,336172
5.1481544971466064,0.007434368133544922,0.3829787234043165,1.8189894035458565e-12,0.6309523809523809,0.7936507936507936,336172
5.278860569000244,0.005739688873291016,0.29545454545454547,1.8189894035458565e-12,0.7142857142857143,0.8015873015873016,336172
5.004996299743652,0.007199287414550781,0.2888888888888889,1.8189894035458565e-12,0.7261904761904762,0.7936507936507936,336172
5.468161344528198,0.004542350769042969,0.43137254901960786,1.8189894035458565e-12,0.5833333333333334,0.7936507936507936,336172
5.433038711547852,0.004358768463134766,0.5245901639344263,1.8189894035458565e-12,0.4642857142857143,0.8015873015873016,336172
5.604466199874878,0.004608869552612305,0.2653061224489796,1.8189894035458565e-12,0.7738095238095238,0.7936507936507936,336172
5.562612533569336,0.005127668380737305,0.44230769230769224,1.8189894035458565e-12,0.5714285714285714,0.8015873015873016,336172
5.10294508934021,0.006589174270629883,0.2653061224489796,1.8189894035458565e-12,0.7738095238095238,0.7936507936507936,336172
5.3938305377960205,0.0060214996337890625,0.42000000000000015,1.8189894035458565e-12,0.5952380952380952,0.8015873015873016,336172
5.3015758991241455,0.00592041015625,0.26,1.8189894035458565e-12,0.7857142857142857,0.7936507936507936,336172
5.492715120315552,0.0056149959564208984,0.47272727272727516,1.8189894035458565e-12,0.5357142857142857,0.7936507936507936,336172
5.831519365310669,0.00652623176574707,0.36956521739161313,1.8189894035458565e-12,0.6428571428571429,0.8015873015873016,336172
5.647550582885742,0.005937099456787109,0.2888888888888889,1.8189894035458565e-12,0.7261904761904762,0.7936507936507936,336172
5.248549222946167,0.007142305374145508,0.3255813953488373,1.8189894035458565e-12,0.6785714285714286,0.8015873015873016,336172
4.891309499740601,0.00896453857421875,0.4242424242424243,1.8189894035458565e-12,0.6190476190476191,0.8015873015873016,556357
5.9241108894348145,0.006162881851196289,0.2692307692307706,1.8189894035458565e-12,0.7857142857142857,0.7936507936507936,556357
5.682976484298706,0.0074808597564697266,0.2830188679245287,1.8189894035458565e-12,0.7738095238095238,0.8015873015873016,556357
5.776429891586304,0.006634235382080078,0.5189873417721519,1.8189894035458565e-12,0.4642857142857143,0.8015873015873016,556357
5.862378358840942,0.006947994232177734,0.32142857142857145,1.8189894035458565e-12,0.7380952380952381,0.7936507936507936,556357
5.667400598526001,0.006329774856567383,0.22448979591840798,1.8189894035458565e-12,0.8214285714285714,0.7936507936507936,556357
5.673068046569824,0.0063130855560302734,0.3666666666670929,1.8189894035458565e-12,0.6904761904761905,0.7936507936507936,556357
5.98668646812439,0.006325721740722656,0.24000000000001373,1.8189894035458565e-12,0.8095238095238095,0.7936507936507936,556357
5.376698017120361,0.006880521774291992,0.0952380952380953,1.8189894035458565e-12,0.9047619047619048,0.7936507936507936,556357
5.926804065704346,0.006300449371337891,0.4794520547945207,1.8189894035458565e-12,0.5357142857142857,0.7936507936507936,556357
4.7754597663879395,0.007005214691162109,0.5,1.8189894035458565e-12,0.5,0.8015873015873016,556357
4.897801160812378,0.007770538330078125,0.08695652173913043,1.8189894035458565e-12,0.9523809523809523,0.7936507936507936,556357
4.9244911670684814,0.006112575531005859,0.32142857142857145,1.8189894035458565e-12,0.7380952380952381,0.8015873015873016,556357
5.5045318603515625,0.0048007965087890625,0.17391304347807487,1.8189894035458565e-12,0.8571428571428571,0.7936507936507936,556357
5.474405288696289,0.004582881927490234,0.3870967741935839,1.8189894035458565e-12,0.6666666666666666,0.7936507936507936,556357
5.55604100227356,0.004567146301269531,0.4864864864864865,1.8189894035458565e-12,0.5238095238095238,0.7936507936507936,556357
5.349987506866455,0.004827737808227539,0.4794520547945207,1.8189894035458565e-12,0.5357142857142857,0.8015873015873016,556357
5.485808372497559,0.005039691925048828,0.4722222222222251,1.8189894035458565e-12,0.5476190476190477,0.7936507936507936,556357
5.586371183395386,0.005255937576293945,0.3968253968254057,1.8189894035458565e-12,0.6547619047619048,0.8015873015873016,556357
5.531439304351807,0.00580596923828125,0.17391304347807487,1.8189894035458565e-12,0.8571428571428571,0.7936507936507936,556357
5.483067750930786,0.0044596195220947266,0.37704918032799745,1.8189894035458565e-12,0.6785714285714286,0.8015873015873016,556357
5.44625449180603,0.0045146942138671875,0.4864864864864865,1.8189894035458565e-12,0.5238095238095238,0.8015873015873016,556357
5.392995119094849,0.008196592330932617,0.37704918032799745,1.8189894035458565e-12,0.6785714285714286,0.8015873015873016,556357
4.7925639152526855,0.00946354866027832,0.4328358208955224,1.8189894035458565e-12,0.6071428571428571,0.7936507936507936,556357
4.960132360458374,0.007032871246337891,0.30909090909090914,1.8189894035458565e-12,0.75,0.8015873015873016,556357
5.157013177871704,0.0066912174224853516,0.2830188679245287,1.8189894035458565e-12,0.7738095238095238,0.8015873015873016,556357
5.016089916229248,0.00727081298828125,0.406250000000002,1.8189894035458565e-12,0.6428571428571429,0.7936507936507936,556357
5.879972457885742,0.006081581115722656,0.35593220338983056,1.8189894035458565e-12,0.7023809523809523,0.7936507936507936,556357
5.451755523681641,0.007505655288696289,0.2692307692307706,1.8189894035458565e-12,0.7857142857142857,0.7936507936507936,556357
5.422655344009399,0.007660865783691406,0.4137931034482764,1.8189894035458565e-12,0.6190476190476191,0.8015873015873016,893198
5.775254011154175,0.0068356990814208984,0.31999999999999995,1.8189894035458565e-12,0.7142857142857143,0.8015873015873016,893198
5.959601402282715,0.0074558258056640625,0.18604651162790697,1.8189894035458565e-12,0.8214285714285714,0.8015873015873016,893198
4.981908321380615,0.007264614105224609,0.24444444444445437,1.8189894035458565e-12,0.7738095238095238,0.7936507936507936,893198
4.735138177871704,0.008455276489257812,0.3928571428571587,1.8189894035458565e-12,0.6428571428571429,0.8015873015873016,893198
4.755293369293213,0.006920337677001953,0.3928571428571587,1.8189894035458565e-12,0.6428571428571429,0.8015873015873016,893198
4.892502069473267,0.006905078887939453,0.4687500000000108,1.8189894035458565e-12,0.5476190476190477,0.7936507936507936,893198
4.950196743011475,0.015451431274414062,0.4516129032258064,1.8189894035458565e-12,0.5714285714285714,0.7936507936507936,893198
4.704344987869263,0.007380247116088867,0.4687500000000108,1.8189894035458565e-12,0.5476190476190477,0.7936507936507936,893198
4.65697717666626,0.0077915191650390625,0.5072463768115941,1.8189894035458565e-12,0.4880952380952381,0.8015873015873016,893198
4.942983627319336,0.008221626281738281,0.2765957446808518,1.8189894035458565e-12,0.75,0.7936507936507936,893198
4.880013465881348,0.006444215774536133,0.37037037037065224,1.8189894035458565e-12,0.6666666666666666,0.7936507936507936,893198
5.398770332336426,0.004472017288208008,0.4603174603176093,1.8189894035458565e-12,0.5595238095238095,0.7936507936507936,893198
5.2913429737091064,0.004459381103515625,0.29166666666666685,1.8189894035458565e-12,0.7380952380952381,0.7936507936507936,893198
5.316613674163818,0.0047833919525146484,0.4137931034482764,1.8189894035458565e-12,0.6190476190476191,0.7936507936507936,893198
5.3094518184661865,0.0044097900390625,0.44262295081967207,1.8189894035458565e-12,0.5833333333333334,0.8015873015873016,893198
5.290026664733887,0.0045130252838134766,0.17021276595744683,1.8189894035458565e-12,0.8690476190476191,0.7936507936507936,893198
5.313401222229004,0.005813121795654297,0.5211267605633804,1.8189894035458565e-12,0.4642857142857143,0.8015873015873016,893198
5.138305425643921,0.0052988529205322266,0.5142857142857142,1.8189894035458565e-12,0.47619047619047616,0.7936507936507936,893198
5.414983034133911,0.004530191421508789,0.4769230769230773,1.8189894035458565e-12,0.5238095238095238,0.7936507936507936,893198
5.350287199020386,0.004792928695678711,0.22727272727276096,1.8189894035458565e-12,0.7857142857142857,0.8015873015873016,893198
5.217491388320923,0.004561185836791992,0.5,1.8189894035458565e-12,0.5,0.8015873015873016,893198
5.195608377456665,0.006636857986450195,0.48484848484848486,1.8189894035458565e-12,0.5238095238095238,0.8015873015873016,893198
5.0907745361328125,0.0071811676025390625,0.4137931034482764,1.8189894035458565e-12,0.6190476190476191,0.8015873015873016,893198
4.988649845123291,0.007981538772583008,0.17777777777777778,1.8189894035458565e-12,0.8452380952380952,0.7936507936507936,893198
5.040118932723999,0.005805253982543945,0.4035087719298276,1.8189894035458565e-12,0.6309523809523809,0.7936507936507936,893198
5.0271406173706055,0.0060193538665771484,0.42372881355932207,1.8189894035458565e-12,0.6071428571428571,0.8015873015873016,893198
5.141316652297974,0.007066965103149414,0.3818181818182528,1.8189894035458565e-12,0.6547619047619048,0.7936507936507936,893198
5.011833429336548,0.00632023811340332,0.44262295081967207,1.8189894035458565e-12,0.5833333333333334,0.8015873015873016,893198
4.766795635223389,0.00633549690246582,0.3846153846153846,1.8189894035458565e-12,0.6428571428571429,0.8015873015873016,207696
5.322309970855713,0.005971670150756836,0.4545454545454546,1.8189894035458565e-12,0.5476190476190477,0.8015873015873016,207696
5.430776596069336,0.00583958625793457,0.5,1.8189894035458565e-12,0.5,0.8015873015873016,207696
5.191166639328003,0.0064868927001953125,0.39999999999999997,1.8189894035458565e-12,0.6190476190476191,0.8015873015873016,207696
5.832613229751587,0.0057811737060546875,0.3636363636363636,1.8189894035458565e-12,0.6785714285714286,0.8015873015873016,207696
5.40310525894165,0.0062885284423828125,0.3333333333333333,1.8189894035458565e-12,0.7380952380952381,0.7936507936507936,207696
5.851578712463379,0.005579233169555664,0.5217391304347826,1.8189894035458565e-12,0.47619047619047616,0.7936507936507936,207696
5.768558740615845,0.00669097900390625,0.35714285714285715,1.8189894035458565e-12,0.6904761904761905,0.8015873015873016,207696
5.956912040710449,0.005703926086425781,0.35714285714285715,1.8189894035458565e-12,0.6904761904761905,0.8015873015873016,207696
4.64665675163269,0.006005287170410156,0.5111111111111111,1.8189894035458565e-12,0.4880952380952381,0.7936507936507936,207696
4.867665767669678,0.007366180419921875,0.5319148936170213,1.8189894035458565e-12,0.4642857142857143,0.8015873015873016,207696
4.836129188537598,0.006104707717895508,0.32786885245901637,1.8189894035458565e-12,0.75,0.7936507936507936,207696
4.6438164710998535,0.008994817733764648,0.4081632653061224,1.8189894035458565e-12,0.6071428571428571,0.7936507936507936,207696
5.49868106842041,0.004621267318725586,0.32786885245901637,1.8189894035458565e-12,0.75,0.7936507936507936,207696
5.360594272613525,0.004864692687988281,0.5319148936170213,1.8189894035458565e-12,0.4642857142857143,0.8015873015873016,207696
5.4754767417907715,0.0045528411865234375,0.46511627906976744,1.8189894035458565e-12,0.5357142857142857,0.8015873015873016,207696
5.537049770355225,0.004964590072631836,0.4166666666666667,1.8189894035458565e-12,0.5952380952380952,0.8015873015873016,207696
5.409148693084717,0.004280805587768555,0.425531914893617,1.8189894035458565e-12,0.5833333333333334,0.7936507936507936,207696
5.561575889587402,0.005191802978515625,0.4545454545454546,1.8189894035458565e-12,0.5476190476190477,0.7936507936507936,207696
5.4250359535217285,0.004162311553955078,0.3389830508474576,1.8189894035458565e-12,0.7261904761904762,0.7936507936507936,207696
5.311719179153442,0.004841804504394531,0.5416666666666666,1.8189894035458565e-12,0.4523809523809524,0.7936507936507936,207696
5.441915035247803,0.00507807731628418,0.4081632653061224,1.8189894035458565e-12,0.6071428571428571,0.8015873015873016,207696
5.33869194984436,0.006180524826049805,0.3508771929824561,1.8189894035458565e-12,0.7023809523809523,0.8015873015873016,207696
5.044237375259399,0.007232666015625,0.5319148936170213,1.8189894035458565e-12,0.4642857142857143,0.8015873015873016,207696
5.35875678062439,0.006317853927612305,0.3636363636363636,1.8189894035458565e-12,0.6785714285714286,0.7936507936507936,207696
5.243060350418091,0.006635904312133789,0.37037037037037035,1.8189894035458565e-12,0.6666666666666666,0.8015873015873016,207696
5.249566555023193,0.007086038589477539,0.37735849056603776,1.8189894035458565e-12,0.6547619047619048,0.8095238095238095,207696
5.45514440536499,0.005725860595703125,0.46511627906976744,1.8189894035458565e-12,0.5357142857142857,0.7936507936507936,207696
5.328633785247803,0.007264614105224609,0.5217391304347826,1.8189894035458565e-12,0.47619047619047616,0.8015873015873016,207696
5.622435808181763,0.0066492557525634766,0.285714285714286,1.8189894035458565e-12,0.75,0.8015873015873016,984799
5.628210783004761,0.006773710250854492,0.30000000000000004,1.8189894035458565e-12,0.7380952380952381,0.8015873015873016,984799
6.128206968307495,0.00641942024230957,0.1627906976744186,1.8189894035458565e-12,0.8452380952380952,0.7936507936507936,984799
5.830383062362671,0.005837440490722656,0.326923076923077,1.8189894035458565e-12,0.7023809523809523,0.8015873015873016,984799
5.950360536575317,0.006868600845336914,0.406779661016951,1.8189894035458565e-12,0.6309523809523809,0.8015873015873016,984799
4.836217880249023,0.0070302486419677734,0.31372549019607837,1.8189894035458565e-12,0.7261904761904762,0.7936507936507936,984799
4.288376569747925,0.006504535675048828,0.36363636363595503,1.8189894035458565e-12,0.6785714285714286,0.8015873015873016,984799
4.678828001022339,0.010123968124389648,0.5070422535211268,1.8189894035458565e-12,0.4880952380952381,0.7936507936507936,984799
4.93356466293335,0.00613856315612793,0.406779661016951,1.8189894035458565e-12,0.6309523809523809,0.7936507936507936,984799
4.814570903778076,0.007373332977294922,0.4927536231886418,1.8189894035458565e-12,0.5119047619047619,0.7936507936507936,984799
4.884692430496216,0.006471872329711914,0.22222222222226953,1.8189894035458565e-12,0.7976190476190477,0.7936507936507936,984799
4.877554178237915,0.0065326690673828125,0.15217391304347824,1.8189894035458565e-12,0.8809523809523809,0.8015873015873016,984799
5.063560724258423,0.006711006164550781,0.44444444444444453,1.8189894035458565e-12,0.5833333333333334,0.7936507936507936,984799
4.832587480545044,0.006596088409423828,0.285714285714286,1.8189894035458565e-12,0.75,0.8015873015873016,984799
5.376145601272583,0.004872322082519531,0.22222222222226953,1.8189894035458565e-12,0.7976190476190477,0.7936507936507936,984799
5.20138955116272,0.004756927490234375,0.30000000000000004,1.8189894035458565e-12,0.7380952380952381,0.8015873015873016,984799
5.252160549163818,0.005182504653930664,0.16666666666666663,1.8189894035458565e-12,0.8333333333333334,0.8015873015873016,984799
5.348583936691284,0.004598140716552734,0.285714285714286,1.8189894035458565e-12,0.75,0.7936507936507936,984799
5.222973108291626,0.0044858455657958984,0.43548387096774194,1.8189894035458565e-12,0.5952380952380952,0.8015873015873016,984799
5.4310407638549805,0.004836082458496094,0.4852941176470588,1.8189894035458565e-12,0.5238095238095238,0.7936507936507936,984799
5.286186695098877,0.0046694278717041016,0.18604651162833044,1.8189894035458565e-12,0.8214285714285714,0.7936507936507936,984799
5.192984342575073,0.0051953792572021484,0.43548387096774194,1.8189894035458565e-12,0.5952380952380952,0.7936507936507936,984799
5.320633172988892,0.006444215774536133,0.41666666666666696,1.8189894035458565e-12,0.6190476190476191,0.7936507936507936,984799
4.9987053871154785,0.006438493728637695,0.20454545454559958,1.8189894035458565e-12,0.8095238095238095,0.7936507936507936,984799
5.073758602142334,0.005979061126708984,0.42622950819672134,1.8189894035458565e-12,0.6071428571428571,0.8015873015873016,984799
5.282156944274902,0.006204843521118164,0.15555555555555553,1.8189894035458565e-12,0.8690476190476191,0.7936507936507936,984799
5.176973104476929,0.005464792251586914,0.44444444444444453,1.8189894035458565e-12,0.5833333333333334,0.8015873015873016,984799
5.0574634075164795,0.0058214664459228516,0.30000000000000004,1.8189894035458565e-12,0.7380952380952381,0.8015873015873016,984799
4.9341721534729,0.006437540054321289,0.30000000000000004,1.8189894035458565e-12,0.7380952380952381,0.7936507936507936,984799
5.191513299942017,0.0065729618072509766,0.39655172413794026,1.8189894035458565e-12,0.6428571428571429,0.8015873015873016,579284
5.643357276916504,0.005809307098388672,0.25531914893617447,1.8189894035458565e-12,0.7738095238095238,0.8015873015873016,579284
5.7278876304626465,0.005421161651611328,0.25531914893617447,1.8189894035458565e-12,0.7738095238095238,0.7936507936507936,579284
5.646241664886475,0.005484819412231445,0.36363636363595503,1.8189894035458565e-12,0.6785714285714286,0.7936507936507936,579284
5.689920902252197,0.00514984130859375,0.4615384615385677,1.8189894035458565e-12,0.5595238095238095,0.7936507936507936,579284
5.48913311958313,0.006013154983520508,0.44444444444444453,1.8189894035458565e-12,0.5833333333333334,0.7936507936507936,579284
5.682984113693237,0.0061571598052978516,0.406779661016951,1.8189894035458565e-12,0.6309523809523809,0.7936507936507936,579284
5.712887763977051,0.005644559860229492,0.4927536231886418,1.8189894035458565e-12,0.5119047619047619,0.8015873015873016,579284
5.502597808837891,0.007761478424072266,0.44444444444444453,1.8189894035458565e-12,0.5833333333333334,0.7936507936507936,579284
5.366953134536743,0.005452156066894531,0.4927536231886418,1.8189894035458565e-12,0.5119047619047619,0.7936507936507936,579284
5.207716464996338,0.006690025329589844,0.36363636363595503,1.8189894035458565e-12,0.6785714285714286,0.7936507936507936,579284
5.266885757446289,0.006076812744140625,0.44444444444444453,1.8189894035458565e-12,0.5833333333333334,0.8015873015873016,579284
5.352550029754639,0.005936861038208008,0.46969696969697744,1.8189894035458565e-12,0.5476190476190477,0.8015873015873016,579284
5.125969886779785,0.0065348148345947266,0.22222222222226953,1.8189894035458565e-12,0.7976190476190477,0.8015873015873016,579284
5.219232082366943,0.00684046745300293,0.2708333333333345,1.8189894035458565e-12,0.7619047619047619,0.8015873015873016,579284
5.320053339004517,0.006403684616088867,0.43548387096774194,1.8189894035458565e-12,0.5952380952380952,0.7936507936507936,579284
5.255354642868042,0.006314277648925781,0.18604651162833044,1.8189894035458565e-12,0.8214285714285714,0.8015873015873016,579284
5.343224763870239,0.005785703659057617,0.41666666666666696,1.8189894035458565e-12,0.6190476190476191,0.8015873015873016,579284
5.193528652191162,0.0067059993743896484,0.45312499999989353,1.8189894035458565e-12,0.5714285714285714,0.8015873015873016,579284
5.4459381103515625,0.004813432693481445,0.45312499999989353,1.8189894035458565e-12,0.5714285714285714,0.8015873015873016,579284
5.355209589004517,0.004508495330810547,0.20454545454559958,1.8189894035458565e-12,0.8095238095238095,0.8015873015873016,579284
5.161044120788574,0.004241228103637695,0.4927536231886418,1.8189894035458565e-12,0.5119047619047619,0.7936507936507936,579284
5.29438042640686,0.0060193538665771484,0.43548387096774194,1.8189894035458565e-12,0.5952380952380952,0.7936507936507936,579284
5.422244071960449,0.0054814815521240234,0.36363636363595503,1.8189894035458565e-12,0.6785714285714286,0.8015873015873016,579284
5.318934917449951,0.006259441375732422,0.30000000000000004,1.8189894035458565e-12,0.7380952380952381,0.7936507936507936,579284
5.521294593811035,0.004559516906738281,0.1590909090909091,1.8189894035458565e-12,0.8571428571428571,0.8015873015873016,579284
5.55389666557312,0.005042076110839844,0.44444444444444453,1.8189894035458565e-12,0.5833333333333334,0.7936507936507936,579284
5.699289560317993,0.005429983139038086,0.36363636363595503,1.8189894035458565e-12,0.6785714285714286,0.7936507936507936,579284
5.523392200469971,0.005105733871459961,0.285714285714286,1.8189894035458565e-12,0.75,0.7936507936507936,579284
5.565511703491211,0.0050580501556396484,0.5125,1.8189894035458565e-12,0.47619047619047616,0.8015873015873016,841866
5.3976945877075195,0.006235837936401367,0.41791044776119424,1.8189894035458565e-12,0.6309523809523809,0.7857142857142857,841866
5.645194053649902,0.005198478698730469,0.5,1.8189894035458565e-12,0.5,0.7936507936507936,841866
5.661184549331665,0.005173683166503906,0.5185185185185185,1.8189894035458565e-12,0.4642857142857143,0.7936507936507936,841866
5.465337038040161,0.00509953498840332,0.5125,1.8189894035458565e-12,0.47619047619047616,0.7936507936507936,841866
5.397155523300171,0.005309104919433594,0.5125,1.8189894035458565e-12,0.47619047619047616,0.7936507936507936,841866
5.433813095092773,0.005428314208984375,0.5063291139240507,1.8189894035458565e-12,0.4880952380952381,0.8015873015873016,841866
5.682448387145996,0.005079984664916992,0.49350649350660447,1.8189894035458565e-12,0.5119047619047619,0.7936507936507936,841866
5.58195424079895,0.00547027587890625,0.43478260869565216,1.8189894035458565e-12,0.6071428571428571,0.7936507936507936,841866
5.265689373016357,0.0055084228515625,0.5125,1.8189894035458565e-12,0.47619047619047616,0.8015873015873016,841866
4.76542854309082,0.007212400436401367,0.5125,1.8189894035458565e-12,0.47619047619047616,0.7936507936507936,841866
5.093331575393677,0.00652313232421875,0.15217391304347822,1.8189894035458565e-12,0.8809523809523809,0.7936507936507936,841866
5.050477743148804,0.007705211639404297,0.5,1.8189894035458565e-12,0.5,0.7936507936507936,841866
4.986492872238159,0.006812334060668945,0.30357142857142866,1.8189894035458565e-12,0.7619047619047619,0.7936507936507936,841866
4.808443546295166,0.007820844650268555,0.48000000000000004,1.8189894035458565e-12,0.5357142857142857,0.8015873015873016,841866
5.163765907287598,0.00533604621887207,0.5185185185185185,1.8189894035458565e-12,0.4642857142857143,0.7936507936507936,841866
4.760911226272583,0.00755620002746582,0.47297297297297514,1.8189894035458565e-12,0.5476190476190477,0.7936507936507936,841866
5.049820184707642,0.006318569183349609,0.5,1.8189894035458565e-12,0.5,0.7936507936507936,841866
5.407195329666138,0.004284858703613281,0.5,1.8189894035458565e-12,0.5,0.7936507936507936,841866
5.108108758926392,0.0044667720794677734,0.42647058823529416,1.8189894035458565e-12,0.6190476190476191,0.7936507936507936,841866
5.432171106338501,0.0042879581451416016,0.5,1.8189894035458565e-12,0.5,0.7936507936507936,841866
5.405968427658081,0.004277706146240234,0.5185185185185185,1.8189894035458565e-12,0.4642857142857143,0.7936507936507936,841866
5.213788747787476,0.005248308181762695,0.47297297297297514,1.8189894035458565e-12,0.5476190476190477,0.8015873015873016,841866
5.342362642288208,0.005547285079956055,0.43478260869565216,1.8189894035458565e-12,0.6071428571428571,0.8015873015873016,841866
5.347335577011108,0.006552696228027344,0.48000000000000004,1.8189894035458565e-12,0.5357142857142857,0.8015873015873016,841866
5.1478424072265625,0.005658864974975586,0.48000000000000004,1.8189894035458565e-12,0.5357142857142857,0.7936507936507936,841866
5.319599628448486,0.005658626556396484,0.5125,1.8189894035458565e-12,0.47619047619047616,0.7936507936507936,841866
5.264071226119995,0.005607128143310547,0.49350649350660447,1.8189894035458565e-12,0.5119047619047619,0.8015873015873016,841866
5.249594449996948,0.006376743316650391,0.5185185185185185,1.8189894035458565e-12,0.4642857142857143,0.8015873015873016,841866
5.38007378578186,0.006708860397338867,0.10638297872340426,1.8189894035458565e-12,0.9404761904761905,0.7936507936507936,398248
5.449321031570435,0.00735020637512207,0.3666666666670929,1.8189894035458565e-12,0.6904761904761905,0.7936507936507936,398248
5.420085430145264,0.005334138870239258,0.4242424242424243,1.8189894035458565e-12,0.6190476190476191,0.7936507936507936,398248
6.103129625320435,0.005751371383666992,0.09302325581395349,1.8189894035458565e-12,0.9166666666666666,0.7936507936507936,398248
5.57352089881897,0.0054285526275634766,0.3333333333333333,1.8189894035458565e-12,0.7261904761904762,0.7936507936507936,398248
5.457768201828003,0.006079435348510742,0.15909090909090906,1.8189894035458565e-12,0.8571428571428571,0.8015873015873016,398248
5.60296893119812,0.0054247379302978516,0.3333333333333333,1.8189894035458565e-12,0.7261904761904762,0.8015873015873016,398248
5.3024091720581055,0.00667119026184082,0.3870967741935839,1.8189894035458565e-12,0.6666666666666666,0.7936507936507936,398248
5.553154945373535,0.005514860153198242,0.4242424242424243,1.8189894035458565e-12,0.6190476190476191,0.7936507936507936,398248
5.562728643417358,0.0055201053619384766,0.35593220338983056,1.8189894035458565e-12,0.7023809523809523,0.8015873015873016,398248
4.8827009201049805,0.008824586868286133,0.0952380952380953,1.8189894035458565e-12,0.9047619047619048,0.8015873015873016,398248
5.160905838012695,0.007285118103027344,0.30909090909090914,1.8189894035458565e-12,0.75,0.7936507936507936,398248
5.160487413406372,0.006405353546142578,0.2830188679245287,1.8189894035458565e-12,0.7738095238095238,0.7936507936507936,398248
5.175832271575928,0.005816936492919922,0.24000000000001373,1.8189894035458565e-12,0.8095238095238095,0.7936507936507936,398248
5.151041746139526,0.0074193477630615234,0.35593220338983056,1.8189894035458565e-12,0.7023809523809523,0.7936507936507936,398248
5.121647357940674,0.006664276123046875,0.22448979591840798,1.8189894035458565e-12,0.8214285714285714,0.8015873015873016,398248
4.947742700576782,0.007817268371582031,0.22448979591840798,1.8189894035458565e-12,0.8214285714285714,0.7936507936507936,398248
5.128861665725708,0.007487297058105469,0.08888888888888889,1.8189894035458565e-12,0.9404761904761905,0.8015873015873016,398248
5.5901572704315186,0.0049092769622802734,0.3333333333333333,1.8189894035458565e-12,0.7261904761904762,0.8015873015873016,398248
5.282636642456055,0.004477977752685547,0.3448275862068965,1.8189894035458565e-12,0.7142857142857143,0.7936507936507936,398248
5.508797883987427,0.004456281661987305,0.41538461538461574,1.8189894035458565e-12,0.6309523809523809,0.7936507936507936,398248
5.408233404159546,0.004575967788696289,0.20000000000019041,1.8189894035458565e-12,0.8571428571428571,0.8015873015873016,398248
5.460684299468994,0.005788326263427734,0.2083333333334484,1.8189894035458565e-12,0.8333333333333334,0.8015873015873016,398248
5.340992450714111,0.006137847900390625,0.08888888888888889,1.8189894035458565e-12,0.9404761904761905,0.8015873015873016,398248
5.388669729232788,0.005763530731201172,0.15909090909090906,1.8189894035458565e-12,0.8571428571428571,0.8015873015873016,398248
5.373354911804199,0.005204439163208008,0.17021276595743312,1.8189894035458565e-12,0.8690476190476191,0.7936507936507936,398248
5.433377981185913,0.005209207534790039,0.2549019607843182,1.8189894035458565e-12,0.7976190476190477,0.8015873015873016,398248
5.2314558029174805,0.0064029693603515625,0.29629629629629645,1.8189894035458565e-12,0.7619047619047619,0.8015873015873016,398248
5.173872709274292,0.005597591400146484,0.41538461538461574,1.8189894035458565e-12,0.6309523809523809,0.7936507936507936,398248
